FULL: 
Time:00:00:06.4248680-1.709743457922741E-14 	
9.145462165349727E-15 	
-1.0824674490095276E-14 	
-8.659739592076221E-15 	
-1.2212453270876722E-14 	
-8.326672684688674E-15 	
1.3156142841808105E-14 	
-4.773959005888173E-15 	
-2.220446049250313E-16 	
1.8735013540549517E-15 	
2.230854390106174E-14 	
1.2656542480726785E-14 	
-1.4210854715202004E-14 	
-1.2212453270876722E-15 	
8.604228440844963E-15 	
-4.218847493575595E-15 	
-5.564992910933597E-15 	
1.965094753586527E-14 	
1.8762769116165146E-14 	
-5.35682609381638E-15 	
3.552713678800501E-15 	
-1.6653345369377348E-15 	
-7.105427357601002E-15 	
-3.3584246494910985E-15 	
2.4313884239290928E-14 	
2.098321516541546E-14 	
1.609823385706477E-14 	
3.552713678800501E-15 	
1.0103029524088925E-14 	
-4.3298697960381105E-15 	
-5.329070518200751E-15 	
4.496403249731884E-15 	
2.0539125955565396E-15 	
8.548717289613705E-15 	
-3.3306690738754696E-16 	
-5.551115123125783E-17 	
-1.0658141036401503E-14 	
2.7755575615628914E-16 	
-2.1094237467877974E-15 	
-1.0103029524088925E-14 	
4.496403249731884E-15 	
1.0103029524088925E-14 	
1.765254609153999E-14 	
-1.0907941216942163E-14 	
-4.773959005888173E-15 	
9.992007221626409E-15 	
-8.049116928532385E-16 	
4.107825191113079E-15 	
3.885780586188048E-15 	
-2.2225277174214852E-14 	
-6.5503158452884236E-15 	
-4.9404924595819466E-15 	
9.992007221626409E-16 	
-1.687538997430238E-14 	
-2.942091015256665E-15 	
-5.551115123125783E-16 	
-8.382183835919932E-15 	
5.218048215738236E-15 	
2.220446049250313E-16 	
5.88418203051333E-15 	
-3.3306690738754696E-15 	
2.5424107263916085E-14 	
-1.1213252548714081E-14 	
9.992007221626409E-16 	
-1.2212453270876722E-14 	
-3.0253577421035516E-15 	
-8.382183835919932E-15 	
-1.0547118733938987E-14 	
-4.6629367034256575E-15 	
-6.106226635438361E-16 	
4.6074255521944E-15 	
-1.7763568394002505E-15 	
-1.7763568394002505E-14 	
-1.3378187446733136E-14 	
1.5765166949677223E-14 	
1.787459069646502E-14 	
1.226796442210798E-14 	
-1.3322676295501878E-14 	
4.884981308350689E-15 	
-1.4210854715202004E-14 	
1.2545520178264269E-14 	
1.8096635301390052E-14 	
-2.3314683517128287E-15 	
-4.163336342344337E-15 	
-8.881784197001252E-16 	
-6.0645932720149176E-15 	
-1.4432899320127035E-15 	
-4.9960036108132044E-15 	
-1.532107773982716E-14 	
-1.1213252548714081E-14 	
8.881784197001252E-16 	
2.6201263381153694E-14 	
-1.4377388168895777E-14 	
-2.609024107869118E-15 	
-1.27675647831893E-14 	
8.659739592076221E-15 	
-2.220446049250313E-16 	
-3.094746681142624E-15 	
-5.800915303666443E-15 	
1.1574075031717257E-14 	
-1.2545520178264269E-14 	
-2.220446049250313E-15 	
2.157996004115148E-15 	
7.93809462606987E-15 	
1.2212453270876722E-15 	
-2.886579864025407E-15 	
-4.107825191113079E-15 	
7.327471962526033E-15 	
1.2712053631958042E-14 	
9.43689570931383E-15 	
-5.662137425588298E-15 	
-9.325873406851315E-15 	
-1.554312234475219E-14 	
9.936496070395151E-15 	
1.5230872119076366E-14 	
1.304512053934559E-15 	
4.440892098500626E-16 	
7.882583474838611E-15 	
-6.439293542825908E-15 	
9.992007221626409E-16 	
4.052314039881821E-15 	
-2.7200464103316335E-15 	
1.2490009027033011E-14 	
9.769962616701378E-15 	
9.048317650695026E-15 	
-5.218048215738236E-15 	
7.216449660063518E-15 	
1.3211653993039363E-14 	
1.3877787807814457E-14 	
3.83026943495679E-15 	
8.992806499463768E-15 	
-5.440092820663267E-15 	
1.5543122344752192E-15 	
2.9976021664879227E-15 	
-1.6209256159527285E-14 	
-7.799316747991725E-15 	
7.16093850883226E-15 	
1.0880185641326534E-14 	
4.551914400963142E-15 	
-2.220446049250313E-16 	
7.771561172376096E-15 	
-3.3306690738754696E-16 	
5.773159728050814E-15 	
7.438494264988549E-15 	
8.104628079763643E-15 	
9.769962616701378E-15 	
7.327471962526033E-15 	
2.7755575615628914E-15 	
9.076073226310655E-15 	
5.551115123125783E-16 	
8.215650382226158E-15 	
-5.10702591327572E-15 	
-7.882583474838611E-15 	
1.2934098236883074E-14 	
9.194034422677078E-16 	
5.218048215738236E-15 	
6.661338147750939E-15 	
-1.609823385706477E-14 	
-4.773959005888173E-15 	
2.5701663020072374E-14 	
-4.884981308350689E-15 	
-8.326672684688674E-15 	
2.3425705819590803E-14 	
2.0317081350640365E-14 	
-1.4432899320127035E-15 	
-3.3306690738754696E-15 	
-3.760880495917718E-15 	
-1.4738210651898953E-14 	
-5.10702591327572E-15 	
2.298161660974074E-14 	
3.774758283725532E-15 	
-1.7083556791419596E-14 	
7.105427357601002E-15 	
8.215650382226158E-15 	
1.454392162258955E-14 	
-1.2656542480726785E-14 	
-5.88418203051333E-15 	
1.587618925213974E-14 	
-4.6629367034256575E-15 	
-2.0483614804334138E-14 	
-3.552713678800501E-15 	
8.326672684688674E-16 	
-7.077671781985373E-16 	
1.2434497875801753E-14 	
-6.772360450213455E-15 	
1.2878587085651816E-14 	
8.215650382226158E-15 	
1.354472090042691E-14 	
-7.827072323607354E-15 	
-9.96425164601078E-15 	
1.2989609388114332E-14 	
-1.4765966227514582E-14 	
6.328271240363392E-15 	
4.288236432614667E-15 	
1.6486811915683575E-14 	
-1.6764367671839864E-14 	
3.969047313034935E-15 	
-1.504352198367087E-14 	
2.609024107869118E-15 	
2.7200464103316335E-14 	
