FULL: 
Time:00:00:06.41153624.1127205E-06 	
1.8328428E-06 	
-1.4901161E-08 	
1.1891127E-05 	
3.4868717E-06 	
-4.887581E-06 	
-1.6093254E-06 	
-3.5762787E-07 	
2.3245811E-06 	
1.3932586E-06 	
-3.9339066E-06 	
-3.9339066E-06 	
-5.543232E-06 	
-4.7683716E-07 	
1.1622906E-06 	
6.198883E-06 	
5.4314733E-06 	
-4.4107437E-06 	
1.9669533E-06 	
1.6987324E-06 	
2.2649765E-06 	
-3.2484531E-06 	
1.7434359E-06 	
6.67572E-06 	
-4.2021275E-06 	
4.5895576E-06 	
-4.61936E-06 	
1.3113022E-06 	
3.874302E-06 	
-1.7881393E-07 	
-2.399087E-06 	
-5.066395E-07 	
-3.8146973E-06 	
4.4703484E-06 	
-2.3245811E-06 	
-3.4570694E-06 	
3.2782555E-06 	
-2.771616E-06 	
8.612871E-06 	
1.1920929E-07 	
2.0563602E-06 	
8.285046E-06 	
-8.6426735E-06 	
1.0281801E-06 	
-5.811453E-06 	
2.3245811E-06 	
2.1643937E-06 	
1.5795231E-06 	
-8.255243E-06 	
3.002584E-06 	
-2.861023E-06 	
1.2218952E-06 	
5.811453E-06 	
1.9669533E-06 	
1.4007092E-06 	
2.4437904E-06 	
4.1127205E-06 	
-3.6358833E-06 	
3.144145E-06 	
-3.8146973E-06 	
-1.9073486E-06 	
-6.1392784E-06 	
-1.6391277E-06 	
9.536743E-07 	
-2.9206276E-06 	
-4.708767E-06 	
2.8014183E-06 	
1.7881393E-06 	
2.5480986E-06 	
3.3974648E-06 	
-4.917383E-07 	
2.3245811E-06 	
-2.3841858E-07 	
6.8098307E-06 	
-3.8146973E-06 	
-1.847744E-06 	
1.2814999E-06 	
4.351139E-06 	
-2.6226044E-06 	
2.1457672E-06 	
-6.020069E-06 	
6.4969063E-06 	
-2.9206276E-06 	
3.2782555E-07 	
4.7683716E-07 	
3.3676624E-06 	
4.5001507E-06 	
-3.0994415E-06 	
3.5762787E-07 	
7.033348E-06 	
-1.0728836E-05 	
-4.4703484E-06 	
2.2649765E-06 	
7.599592E-06 	
7.6293945E-06 	
1.2516975E-05 	
9.417534E-06 	
-7.295981E-06 	
2.9802322E-08 	
-3.0100346E-06 	
4.529953E-06 	
-7.5399876E-06 	
1.7918646E-06 	
-1.3411045E-06 	
1.1920929E-07 	
1.013279E-06 	
-3.2186508E-06 	
-3.874302E-06 	
5.185604E-06 	
1.23381615E-05 	
5.90086E-06 	
1.1920929E-07 	
-1.7881393E-07 	
-3.6358833E-06 	
1.058355E-05 	
-4.634261E-06 	
-4.6491623E-06 	
7.987022E-06 	
1.4454126E-06 	
-2.7418137E-06 	
-7.4505806E-06 	
-9.834766E-07 	
5.632639E-06 	
3.2782555E-06 	
-1.2665987E-05 	
-1.3113022E-06 	
1.385808E-06 	
-9.521842E-06 	
-5.00679E-06 	
1.7285347E-06 	
-5.066395E-06 	
7.748604E-07 	
-1.1920929E-07 	
-5.6028366E-06 	
-5.00679E-06 	
2.2798777E-06 	
-2.503395E-06 	
1.4901161E-06 	
9.596348E-06 	
-6.854534E-06 	
-4.7683716E-06 	
-2.6524067E-06 	
-7.033348E-06 	
7.212162E-06 	
-1.3113022E-06 	
-3.7550926E-06 	
-8.940697E-07 	
5.364418E-07 	
2.9802322E-08 	
-1.3828278E-05 	
1.9669533E-06 	
-8.165836E-06 	
9.775162E-06 	
1.5497208E-06 	
-7.085502E-06 	
5.90086E-06 	
-1.1265278E-05 	
5.3048134E-06 	
2.3841858E-07 	
3.7103891E-06 	
-6.377697E-06 	
2.8014183E-06 	
6.854534E-07 	
-1.1920929E-06 	
-6.735325E-06 	
5.364418E-07 	
4.6938658E-07 	
1.1026859E-06 	
1.3709068E-06 	
3.695488E-06 	
1.5497208E-06 	
6.9364905E-06 	
6.645918E-06 	
-1.9669533E-06 	
-2.9802322E-07 	
-2.503395E-06 	
-6.735325E-06 	
5.9604645E-07 	
-5.9604645E-07 	
-1.6093254E-06 	
-6.6161156E-06 	
4.142523E-06 	
-3.4458935E-06 	
-6.854534E-07 	
7.1525574E-06 	
-2.026558E-06 	
1.1026859E-06 	
-1.2755394E-05 	
3.5762787E-06 	
-8.493662E-07 	
-1.4662743E-05 	
6.854534E-06 	
3.874302E-06 	
-8.791685E-06 	
-3.606081E-06 	
1.66893E-06 	
-7.5101852E-06 	
1.0460615E-05 	
-1.3291836E-05 	
1.7881393E-06 	
