NONE: 
Time:00:00:02.16817926.217248937900877E-13 	
2.3811508320648045E-13 	
-7.157330284002228E-13 	
6.38378239159465E-15 	
9.006684287271582E-13 	
3.098632461728812E-13 	
-1.5787371410169726E-13 	
2.787770014833768E-13 	
1.184607967275042E-13 	
-1.6009762959789953E-13 	
-1.0274073258820238E-12 	
-3.0980773502164993E-13 	
-1.591504705800162E-13 	
1.7474910407599964E-13 	
-2.300937218535637E-13 	
-2.603472992745992E-13 	
1.2986833830552769E-13 	
-4.3431924723336124E-13 	
-3.893552147360424E-13 	
-5.065947661364589E-13 	
4.155564781171961E-13 	
-2.686739719592879E-13 	
2.311761893025732E-13 	
-1.7406909247341673E-13 	
-4.892752869523065E-13 	
-3.885780586188048E-14 	
-2.672306820272752E-13 	
-1.1479706074624119E-13 	
-4.702904732312163E-13 	
-5.45785638905727E-13 	
5.908051825542771E-13 	
1.8368639942423215E-13 	
-2.1216362000586741E-13 	
-7.146505609512133E-13 	
-2.887690087050032E-13 	
3.569367024169878E-14 	
5.305755834683623E-13 	
-5.939693181744587E-14 	
2.542965837903921E-13 	
5.155875726359227E-13 	
1.0758061108617767E-13 	
-1.0264011862659572E-12 	
2.686739719592879E-13 	
-5.0986992405910314E-14 	
4.96269692007445E-14 	
-2.510214258677479E-13 	
-8.417572194829859E-14 	
-8.210099267103033E-14 	
-2.3819834993332734E-13 	
1.1511971931277287E-12 	
4.030109579389318E-14 	
-7.464029394554927E-13 	
2.983724378680108E-13 	
-1.8107737531636303E-13 	
-1.744160371686121E-13 	
-2.091660178393795E-13 	
-3.6004532688593827E-13 	
-1.8640644583456378E-13 	
2.0164425684754406E-13 	
-2.7133850721838826E-13 	
4.71511718558304E-13 	
-7.618350394977824E-13 	
5.547784454051907E-13 	
1.7907897387203775E-13 	
3.1030733538273125E-13 	
-2.3819834993332734E-13 	
-3.289035710452026E-13 	
-2.6867397195928788E-14 	
4.7101211819722266E-14 	
-1.6819878823071122E-14 	
-3.7317371415213074E-13 	
7.771561172376096E-15 	
2.453592884421596E-13 	
1.2684298056342413E-13 	
-2.020605904817785E-14 	
-4.638511796883904E-13 	
6.162292898181931E-13 	
2.291500322826323E-13 	
-3.9257486150745535E-13 	
4.0734082773496993E-13 	
8.759659664292485E-14 	
-3.1308289294429414E-13 	
-6.135092434078615E-13 	
1.1446399383885364E-13 	
1.2548295735825832E-13 	
-1.1637912855633203E-13 	
3.640976409258201E-13 	
-2.862710068995966E-13 	
5.1958437552457326E-14 	
4.107825191113079E-13 	
4.672928710647284E-13 	
-1.7907897387203775E-13 	
-1.389999226830696E-13 	
-1.5795698082854415E-13 	
5.130340596792848E-13 	
-5.631051180898794E-13 	
2.5857094243519896E-13 	
1.6889267762110194E-13 	
1.2706502516834917E-13 	
2.7047808437430376E-13 	
3.5083047578154947E-13 	
-1.1515788322924436E-13 	
-3.138322934859161E-13 	
1.6642243139131097E-13 	
1.511013536514838E-13 	
5.300204719560497E-13 	
5.958566973163215E-13 	
-1.226796442210798E-13 	
3.8913317013111737E-13 	
-9.986456106503283E-13 	
2.0539125955565396E-14 	
-2.1538326677728037E-14 	
3.205213872092827E-13 	
4.2299497238218464E-14 	
-2.6104118866498993E-13 	
8.959499808725013E-14 	
-2.1682655670929307E-13 	
3.219646771412954E-14 	
-3.7164715749327115E-14 	
-8.728573419602981E-13 	
5.590528040499976E-13 	
2.631228568361621E-13 	
-4.783395901597487E-13 	
-1.4421797089880783E-13 	
2.4685808952540356E-13 	
-2.1316282072803006E-14 	
-3.6637359812630166E-13 	
-2.4744095661333176E-13 	
-1.7641443861293737E-13 	
-1.9378942894832107E-13 	
-3.3939517862791035E-13 	
-2.8743674107545303E-13 	
-1.2678746941219288E-13 	
-3.9823699893304365E-13 	
1.4976908602193362E-13 	
9.876821582821549E-14 	
1.5382140006181544E-13 	
-7.394085344003543E-13 	
-2.524647157997606E-13 	
3.1752378504279477E-13 	
-5.775380174100064E-13 	
1.4416245974757658E-13 	
9.686695889854491E-14 	
-5.823119764158946E-13 	
-3.426148253993233E-13 	
-5.530020885657905E-13 	
3.47499806707674E-14 	
-1.7286172493413687E-13 	
-2.346178806789112E-13 	
4.212186155427844E-13 	
1.7763568394002505E-14 	
-1.3633538742396922E-13 	
-2.6068036618198676E-13 	
-5.874190023291703E-13 	
7.563359660789359E-13 	
-5.717648576819556E-14 	
1.9939605522267811E-13 	
2.6423307986078726E-14 	
7.571721027943568E-13 	
1.7830181775480014E-13 	
6.671330154972566E-13 	
1.1052270210143433E-13 	
-5.059841434729151E-13 	
6.336042801535768E-13 	
-1.6997514507011147E-13 	
3.178568519501823E-13 	
4.832106936802916E-13 	
2.872979631973749E-13 	
9.114931032172535E-14 	
-4.890532423473815E-13 	
2.05613304160579E-13 	
4.1196213107497215E-13 	
9.692247004977617E-14 	
-5.583311590839912E-13 	
-3.19300141882195E-13 	
-6.5503158452884236E-15 	
4.2532644073389747E-13 	
-1.354472090042691E-14 	
7.022160630754115E-13 	
1.511013536514838E-13 	
3.086420008457935E-13 	
3.3806291099836017E-14 	
4.889422200449189E-13 	
1.1335377081422848E-13 	
8.229528170033973E-14 	
-8.615330671091215E-14 	
4.456990332357691E-13 	
5.486167076185211E-13 	
-3.758104938356155E-14 	
-5.281886039654182E-14 	
-7.510658761589184E-14 	
5.091482790930968E-13 	
-2.4424906541753444E-14 	
1.8041124150158794E-13 	
-7.142064717413632E-13 	
1.9584334154387761E-13 	
-7.181477634787825E-13 	
4.9404924595819466E-15 	
-6.106226635438361E-15 	
-4.738431869100168E-13 	
