NONE: 
Time:00:00:02.1949176-0.00013148785 	
-0.0001320988 	
0.0009613335 	
0.00079122186 	
-0.00072443485 	
0.00090396404 	
0.0002925694 	
0.0009457469 	
0.00048714876 	
0.0013412517 	
-0.0023736507 	
-0.0008828044 	
-0.0012847781 	
0.00018143654 	
0.00041010976 	
0.00040102005 	
0.0006061718 	
-0.0006056428 	
-0.00073200464 	
-0.0010122061 	
0.0009511709 	
0.0002271831 	
-0.0022569895 	
-0.00065486133 	
-0.0015758276 	
-0.00062155724 	
-0.0006585419 	
-0.0010626316 	
0.00016134977 	
-0.0003464818 	
0.0011894628 	
-0.00054499507 	
-0.0008659959 	
-0.00049328804 	
-0.0011933446 	
-8.5413456E-05 	
0.001260817 	
-0.0007342696 	
-0.00049230456 	
-0.0003965497 	
0.0007350743 	
-0.00078231096 	
0.0008312464 	
-0.00092485547 	
-9.119511E-06 	
-0.00044041872 	
-0.0007055849 	
-0.00018262863 	
-0.00028654933 	
0.00095323846 	
-0.00023204088 	
4.336238E-05 	
2.6732683E-05 	
-0.0018883348 	
0.0007136762 	
0.00029879808 	
-0.0016570687 	
-0.00015747547 	
-4.9248338E-05 	
-0.00050264597 	
-0.00048977137 	
-0.00038337708 	
0.00086796284 	
-0.0002476573 	
-0.00043058395 	
0.00044500828 	
0.00025853515 	
0.00010961294 	
0.00026845932 	
-0.00019159913 	
0.0002143979 	
-2.6106834E-05 	
0.0005248189 	
0.0002809912 	
0.0011341572 	
-0.0016617477 	
0.00144279 	
-0.0001809597 	
-0.00044953823 	
0.0013283491 	
-0.0017237663 	
0.0008121729 	
-7.939339E-05 	
0.000117599964 	
0.0010125041 	
0.00048337877 	
-0.00047689676 	
0.00084650517 	
-0.0002567768 	
-0.00016748905 	
0.00061765313 	
0.00042635202 	
6.8068504E-05 	
-0.00093106925 	
0.00097095966 	
0.0008786917 	
0.00018948317 	
0.00035661645 	
0.0010125935 	
0.0005418733 	
0.0020237565 	
-0.0005350858 	
0.000114727765 	
0.00012660027 	
0.0003632903 	
0.00061041117 	
-0.00016158819 	
-0.0006201863 	
0.0005629957 	
0.0010383129 	
0.0013319254 	
0.00022318959 	
0.0014751554 	
-0.00034323335 	
-2.4661422E-05 	
8.395314E-05 	
-0.00041401386 	
0.0006468296 	
0.00031511486 	
-0.00030714273 	
-0.0002040267 	
0.0008062124 	
0.0005029738 	
-0.0010310411 	
-0.00056779385 	
-0.00046736002 	
-0.0017286241 	
-0.0015194863 	
-0.00088626146 	
-0.0010693371 	
-0.0017763376 	
-3.0338764E-05 	
-8.4877014E-05 	
-0.00025302172 	
0.00077313185 	
0.00062677264 	
-0.00088599324 	
-0.00047451258 	
0.00045210123 	
-0.000114142895 	
-0.00036925077 	
0.0010701716 	
-0.0013329089 	
0.00017654896 	
-0.0016137958 	
-0.00016778708 	
-0.00039982796 	
-0.00014680624 	
0.000364393 	
-0.00020641088 	
0.0006329417 	
-0.0010641813 	
0.0006747842 	
-0.0013381243 	
-5.6877732E-05 	
0.00045728683 	
-0.00031775236 	
-0.00025087595 	
0.0002142787 	
-6.324053E-05 	
-0.0007611215 	
0.0015353858 	
-0.001018852 	
0.0003464818 	
-0.0015789866 	
0.00011396408 	
0.0010504425 	
0.0004311949 	
0.00031095743 	
0.00072938204 	
0.0012170672 	
0.0008447096 	
0.00022423267 	
-0.0003464818 	
-0.00015729666 	
0.0005349517 	
0.00069096684 	
0.0005619526 	
0.00024986267 	
0.00018525124 	
-0.0010907054 	
0.0012343228 	
0.00025109947 	
0.0006403923 	
-0.00080010295 	
0.00017440319 	
0.0011235774 	
-0.00016003847 	
0.00021559 	
-0.00059993565 	
-0.0008646846 	
-0.00043332577 	
-0.00032430887 	
0.00017919391 	
-0.0004478693 	
-0.00012528896 	
0.00089742243 	
0.00024834275 	
-0.0005944073 	
-0.000993371 	
