PARTIAL: 
Time:00:00:01.7137710-1.3322676295501878E-15 	
-1.0172418463127997E-14 	
-1.4682699500667695E-14 	
6.661338147750939E-15 	
-7.216449660063518E-16 	
-1.4099832412739488E-14 	
-2.831068712794149E-15 	
6.5503158452884236E-15 	
-2.3869795029440866E-14 	
-3.271341530997063E-14 	
3.748390486890685E-14 	
1.8096635301390052E-14 	
4.440892098500626E-15 	
-1.2212453270876722E-15 	
-4.218847493575595E-15 	
-5.10702591327572E-15 	
-6.314393452555578E-15 	
9.2148511043888E-15 	
2.5424107263916085E-14 	
9.575673587391975E-15 	
1.7319479184152442E-14 	
1.3711254354120683E-14 	
8.382183835919932E-15 	
6.38378239159465E-16 	
2.531308496145357E-14 	
5.551115123125783E-15 	
1.404432126150823E-14 	
1.0103029524088925E-14 	
3.1086244689504383E-15 	
-3.108624468950438E-14 	
-1.752764600126966E-14 	
2.8699265186560297E-14 	
8.826273045769994E-15 	
2.964295475749168E-14 	
2.503552920529728E-14 	
4.385380947269368E-15 	
-2.120525977034049E-14 	
1.3600232051658168E-14 	
5.717648576819556E-15 	
-1.9317880628477724E-14 	
-4.496403249731884E-15 	
5.551115123125783E-15 	
-1.021405182655144E-14 	
-1.8013368574543165E-14 	
2.2593038551121936E-14 	
2.7755575615628914E-15 	
5.551115123125783E-16 	
2.2537527399890678E-14 	
1.0658141036401503E-14 	
-1.0193235144839718E-14 	
-5.88418203051333E-15 	
-1.199040866595169E-14 	
-4.440892098500626E-16 	
1.099120794378905E-14 	
-7.216449660063518E-15 	
-1.1546319456101628E-14 	
-6.772360450213455E-15 	
1.532107773982716E-14 	
1.3877787807814457E-14 	
1.7985612998927536E-14 	
5.329070518200751E-15 	
1.1657341758564144E-14 	
-1.7930101847696278E-14 	
1.432187701766452E-14 	
6.5503158452884236E-15 	
-9.853229343548264E-15 	
-1.2989609388114332E-14 	
-2.4424906541753444E-15 	
1.662558979376172E-14 	
-1.9761969838327786E-14 	
9.603429163007604E-15 	
5.551115123125783E-15 	
-1.8318679906315083E-14 	
-1.837419105754634E-14 	
-1.6431300764452317E-14 	
1.915134717478395E-14 	
-1.4988010832439613E-14 	
-2.8976820942716586E-14 	
8.215650382226158E-15 	
-1.099120794378905E-14 	
1.709743457922741E-14 	
-6.661338147750939E-15 	
-3.1086244689504383E-15 	
-5.9396931817445875E-15 	
-6.161737786669619E-15 	
1.4835355166553654E-14 	
3.219646771412954E-15 	
-7.438494264988549E-15 	
-7.771561172376096E-15 	
-1.1102230246251565E-15 	
3.1086244689504383E-15 	
4.030109579389318E-14 	
-1.7708057242771247E-14 	
1.8568480086855743E-14 	
-1.7208456881689926E-14 	
1.5654144647214707E-14 	
9.880984919163893E-15 	
-1.6545792513866786E-14 	
-9.908740494779522E-15 	
9.284240043427872E-15 	
-2.3425705819590803E-14 	
-9.894862706971708E-15 	
-7.91033905045424E-15 	
7.216449660063518E-15 	
5.218048215738236E-15 	
-9.2148511043888E-15 	
-6.2727600891321345E-15 	
5.773159728050814E-15 	
1.1046719095020308E-14 	
-1.9872992140790302E-14 	
-2.7644553313166398E-14 	
-8.659739592076221E-15 	
-3.1308289294429414E-14 	
9.2148511043888E-15 	
-8.014422459012849E-15 	
3.802513859341161E-15 	
2.9976021664879227E-15 	
-1.2656542480726785E-14 	
3.3861802251067274E-15 	
7.438494264988549E-15 	
-5.551115123125783E-15 	
-5.495603971894525E-15 	
5.551115123125783E-17 	
8.881784197001252E-15 	
1.2490009027033011E-14 	
1.5210055437364645E-14 	
3.097522238704187E-14 	
2.4702462297909733E-14 	
1.9317880628477724E-14 	
4.718447854656915E-15 	
3.697042672001771E-14 	
-3.774758283725532E-15 	
5.10702591327572E-15 	
5.88418203051333E-15 	
-2.1538326677728037E-14 	
-1.4085954624931674E-14 	
2.2426505097428162E-14 	
1.176836406102666E-14 	
-3.6637359812630166E-15 	
4.6629367034256575E-15 	
1.5210055437364645E-14 	
-1.3378187446733136E-14 	
2.3037127760971998E-14 	
5.773159728050814E-15 	
3.0531133177191805E-14 	
1.4876988529977098E-14 	
2.398081733190338E-14 	
-1.5543122344752192E-15 	
-9.131584377541913E-15 	
9.992007221626409E-16 	
-5.773159728050814E-15 	
2.142730437526552E-14 	
-1.9984014443252818E-15 	
2.220446049250313E-14 	
-5.863365348801608E-15 	
-6.217248937900877E-15 	
1.3433698597964394E-14 	
-6.328271240363392E-15 	
5.551115123125783E-16 	
-3.524958103184872E-15 	
1.1435297153639112E-14 	
-2.5146551507759796E-14 	
3.0753177782116836E-14 	
6.106226635438361E-15 	
3.375077994860476E-14 	
1.1657341758564144E-14 	
-2.929601006229632E-14 	
-1.2989609388114332E-14 	
-2.220446049250313E-15 	
-1.3211653993039363E-14 	
-1.2989609388114332E-14 	
-2.2218338280310945E-14 	
1.609823385706477E-15 	
1.9984014443252818E-15 	
4.551914400963142E-15 	
-3.3306690738754696E-16 	
-3.941291737419306E-15 	
5.218048215738236E-15 	
-1.0325074129013956E-14 	
-4.218847493575595E-15 	
9.103828801926284E-15 	
-2.2315482794965646E-14 	
-7.653599976009673E-15 	
-9.325873406851315E-15 	
3.858025010572419E-15 	
-8.326672684688674E-15 	
-2.3869795029440866E-14 	
7.16093850883226E-15 	
-3.3861802251067274E-15 	
2.348121697082206E-14 	
1.9872992140790302E-14 	
-4.218847493575595E-15 	
2.220446049250313E-14 	
1.0033640585049852E-14 	
9.547918011776346E-15 	
-9.658940314238862E-15 	
-1.1018963519404679E-14 	
-5.6066262743570405E-15 	
8.215650382226158E-15 	
2.6645352591003757E-14 	
