PARTIAL: 
Time:00:00:01.7117269-1.2218952E-05 	
-4.194677E-06 	
-1.8537045E-05 	
2.413988E-06 	
-1.1891127E-05 	
1.4066696E-05 	
-4.6491623E-06 	
-4.6491623E-06 	
-8.940697E-06 	
1.8924475E-06 	
2.097711E-05 	
8.910894E-06 	
-1.6838312E-05 	
-8.940697E-07 	
-7.0631504E-06 	
-2.4437904E-06 	
-9.000301E-06 	
4.6491623E-06 	
1.591444E-05 	
5.6922436E-06 	
-1.0788441E-05 	
1.6510487E-05 	
3.5017729E-06 	
8.516014E-06 	
2.208352E-05 	
1.1861324E-05 	
1.6510487E-05 	
8.225441E-06 	
6.735325E-06 	
-1.4126301E-05 	
-1.4722347E-05 	
4.7683716E-06 	
-4.7683716E-06 	
2.3007393E-05 	
2.3543835E-06 	
5.4240227E-06 	
-1.9907951E-05 	
2.9802322E-06 	
9.447336E-06 	
-2.4676323E-05 	
-3.993511E-06 	
-3.5762787E-07 	
-6.914139E-06 	
-1.2487173E-05 	
-8.940697E-08 	
-8.612871E-06 	
4.0121377E-06 	
7.4505806E-07 	
7.122755E-06 	
-1.4826655E-05 	
-1.579523E-05 	
-6.556511E-06 	
-2.771616E-06 	
5.7816505E-06 	
-9.953976E-06 	
-1.591444E-05 	
-1.8060207E-05 	
1.4126301E-05 	
1.0564923E-05 	
4.529953E-06 	
-7.987022E-06 	
1.4305115E-05 	
-1.7464161E-05 	
9.834766E-06 	
2.3245811E-06 	
-1.4334917E-05 	
-2.0384789E-05 	
-3.0994415E-06 	
6.094575E-06 	
-9.387732E-06 	
3.412366E-06 	
1.335144E-05 	
-7.5101852E-06 	
-1.1637807E-05 	
-1.7523766E-05 	
2.7865171E-05 	
-1.0758638E-05 	
-1.591444E-05 	
1.7881393E-06 	
-7.6293945E-06 	
1.9550323E-05 	
-2.861023E-06 	
-6.9737434E-06 	
-5.811453E-06 	
-8.493662E-07 	
9.901822E-06 	
-5.930662E-06 	
-6.2584877E-07 	
2.2649765E-06 	
-3.9339066E-06 	
7.480383E-06 	
1.5437603E-05 	
-6.7055225E-06 	
1.7002225E-05 	
-1.3709068E-05 	
1.168251E-05 	
6.0796738E-06 	
-1.7222017E-05 	
-3.4719706E-06 	
4.850328E-06 	
-1.513958E-05 	
-1.4200807E-05 	
8.538365E-06 	
1.5050173E-05 	
-8.34465E-07 	
-3.993511E-06 	
-8.255243E-06 	
5.4240227E-06 	
4.4703484E-06 	
-1.1265278E-05 	
-1.6391277E-05 	
-1.5884638E-05 	
-1.7762184E-05 	
5.066395E-07 	
1.1324883E-06 	
3.0249357E-06 	
-1.1920929E-06 	
-1.001358E-05 	
2.3841858E-06 	
5.185604E-06 	
-4.5001507E-06 	
-6.2286854E-06 	
1.5497208E-06 	
9.596348E-06 	
8.940697E-06 	
9.953976E-06 	
1.3932586E-05 	
6.6906214E-06 	
1.5854836E-05 	
-1.6093254E-06 	
2.1159649E-05 	
5.6624413E-06 	
7.8082085E-06 	
-5.1259995E-06 	
-1.0371208E-05 	
-7.0258975E-06 	
1.0371208E-05 	
1.7821789E-05 	
-2.503395E-06 	
1.4305115E-06 	
3.695488E-06 	
8.940697E-07 	
5.722046E-06 	
1.4543533E-05 	
2.3245811E-05 	
1.0371208E-05 	
1.0430813E-05 	
-2.5629997E-06 	
-1.2993813E-05 	
-2.6226044E-06 	
-2.7418137E-06 	
1.04904175E-05 	
5.1259995E-06 	
1.1503696E-05 	
-7.903203E-06 	
-5.90086E-06 	
4.6491623E-06 	
-1.4305115E-06 	
3.0994415E-06 	
3.427267E-07 	
-5.7816505E-06 	
-1.218915E-05 	
1.7821789E-05 	
1.1444092E-05 	
1.4483929E-05 	
7.748604E-06 	
-1.1265278E-05 	
-7.4505806E-06 	
-6.9737434E-06 	
-7.987022E-06 	
-5.185604E-06 	
-9.49949E-06 	
4.9471855E-06 	
1.21593475E-05 	
6.4969063E-06 	
4.172325E-07 	
1.4901161E-06 	
7.8082085E-06 	
-1.7881393E-07 	
5.066395E-07 	
1.66893E-06 	
-1.1205673E-05 	
-9.216368E-06 	
-5.9604645E-06 	
-3.6507845E-06 	
-7.8082085E-06 	
-5.6624413E-06 	
7.4505806E-06 	
3.2484531E-06 	
1.6182661E-05 	
9.983778E-06 	
-8.225441E-06 	
1.257658E-05 	
5.9753656E-06 	
5.5730343E-06 	
-2.9802322E-06 	
-1.2591481E-05 	
-9.268522E-06 	
1.8775463E-06 	
2.4437904E-05 	
