FULL: 
Time:00:00:01.12862915.9604645E-08 	
-5.6717545E-07 	
1.4305115E-06 	
2.9802322E-07 	
1.3560057E-06 	
7.1525574E-07 	
4.7683716E-07 	
7.748604E-07 	
-1.5944242E-06 	
-1.1920929E-06 	
-6.556511E-07 	
1.5608966E-06 	
-1.3485551E-06 	
4.172325E-07 	
1.8775463E-06 	
1.1920929E-07 	
1.1920929E-07 	
-5.364418E-07 	
1.7881393E-07 	
2.3245811E-06 	
-2.026558E-06 	
-1.3113022E-06 	
-2.9802322E-07 	
-8.34465E-07 	
-1.7881393E-07 	
-1.4305115E-06 	
-8.6426735E-07 	
6.556511E-07 	
2.8684735E-07 	
-5.9604645E-07 	
-3.5762787E-07 	
-1.1920929E-06 	
7.748604E-07 	
1.4156103E-06 	
-3.4160912E-06 	
-2.9802322E-06 	
1.7881393E-07 	
2.7492642E-06 	
-1.1920929E-07 	
-8.940697E-07 	
1.0728836E-06 	
1.1920929E-07 	
3.5762787E-07 	
1.322478E-06 	
-1.1920929E-06 	
4.172325E-07 	
1.7881393E-07 	
-8.34465E-07 	
1.1920929E-06 	
-8.940697E-07 	
-8.940697E-08 	
1.9073486E-06 	
-1.0728836E-06 	
-6.2584877E-07 	
-1.6093254E-06 	
5.9604645E-07 	
1.9073486E-06 	
3.1590462E-06 	
-1.4901161E-06 	
-5.9604645E-07 	
-2.9802322E-08 	
-8.34465E-07 	
-4.7683716E-07 	
3.4719706E-06 	
-1.3709068E-06 	
1.4901161E-07 	
-1.6838312E-06 	
-8.34465E-07 	
-2.026558E-06 	
-2.503395E-06 	
3.0398369E-06 	
-1.2516975E-06 	
-1.66893E-06 	
-9.0897083E-07 	
-3.5762787E-07 	
7.1525574E-07 	
2.026558E-06 	
-1.7285347E-06 	
-3.7252903E-07 	
1.8924475E-06 	
7.1525574E-07 	
-7.003546E-07 	
6.03497E-07 	
-4.2915344E-06 	
5.9604645E-08 	
6.556511E-07 	
-1.4007092E-06 	
2.9802322E-07 	
1.2516975E-06 	
1.4454126E-06 	
-2.3841858E-06 	
-1.1920929E-07 	
-1.937151E-06 	
-1.7881393E-07 	
-1.2218952E-06 	
1.212582E-06 	
1.8179417E-06 	
-1.7285347E-06 	
2.1234155E-06 	
-4.351139E-06 	
