FULL: 
Time:00:00:01.12846783.6637359812630166E-15 	
9.364037323322805E-15 	
7.993605777301127E-15 	
1.2212453270876722E-15 	
1.2073675392798577E-14 	
-3.3306690738754696E-16 	
9.547918011776346E-15 	
1.2212453270876722E-15 	
-4.746203430272544E-15 	
-1.5543122344752192E-15 	
-3.3306690738754696E-16 	
1.6497220256539435E-15 	
-8.146261443187086E-15 	
5.662137425588298E-15 	
-6.2727600891321345E-15 	
-4.440892098500626E-16 	
-3.497202527569243E-15 	
-2.1649348980190553E-15 	
1.2212453270876722E-15 	
2.7755575615628914E-15 	
-8.992806499463768E-15 	
-4.6629367034256575E-15 	
-3.3306690738754696E-15 	
-2.220446049250313E-15 	
-8.881784197001252E-16 	
-8.326672684688674E-15 	
-5.689893001203927E-15 	
1.7763568394002505E-15 	
3.948230631323213E-15 	
8.326672684688674E-17 	
-2.6645352591003757E-15 	
-4.440892098500626E-16 	
-2.275957200481571E-15 	
4.85722573273506E-15 	
1.9463597400459776E-15 	
-7.216449660063518E-15 	
-3.608224830031759E-16 	
2.7755575615628914E-15 	
9.103828801926284E-15 	
3.9968028886505635E-15 	
4.440892098500626E-16 	
-5.773159728050814E-15 	
-9.103828801926284E-15 	
-4.685488108613356E-15 	
-6.8833827526759706E-15 	
-1.4432899320127035E-15 	
-6.661338147750939E-16 	
-3.2751579226442118E-15 	
-3.774758283725532E-15 	
1.0547118733938987E-14 	
-2.3314683517128287E-15 	
9.658940314238862E-15 	
-5.773159728050814E-15 	
-2.7200464103316335E-15 	
-2.55351295663786E-15 	
3.913536161803677E-15 	
2.4424906541753444E-15 	
1.3877787807814457E-14 	
-9.2148511043888E-15 	
-7.216449660063518E-15 	
6.38378239159465E-15 	
-5.329070518200751E-15 	
-8.881784197001252E-16 	
4.413136522884997E-15 	
-4.9960036108132044E-15 	
-6.439293542825908E-15 	
5.689893001203927E-15 	
-4.6074255521944E-15 	
3.4416913763379853E-15 	
-1.3322676295501878E-15 	
7.105427357601002E-15 	
8.881784197001252E-16 	
-1.0325074129013956E-14 	
-1.9984014443252818E-15 	
-6.661338147750939E-16 	
6.772360450213455E-15 	
-7.66053886991358E-15 	
2.4424906541753444E-15 	
-4.413136522884997E-15 	
8.396061623727746E-16 	
-3.9968028886505635E-15 	
-1.970645868709653E-15 	
-1.0061396160665481E-15 	
-9.2148511043888E-15 	
4.440892098500626E-15 	
6.661338147750939E-15 	
5.551115123125783E-16 	
-3.3306690738754696E-15 	
6.5503158452884236E-15 	
-3.885780586188048E-16 	
-3.747002708109903E-15 	
-9.2148511043888E-15 	
-9.353628982466944E-15 	
2.220446049250313E-16 	
4.690692279041286E-15 	
5.689893001203927E-16 	
-7.049916206369744E-15 	
2.4424906541753444E-15 	
-3.941291737419306E-15 	
2.220446049250313E-15 	
