NONE: 
Time:00:00:00.64585777.075071E-05 	
0.0001623286 	
0.00010082126 	
-7.2300434E-05 	
0.00010091066 	
-0.00012874603 	
-3.6641955E-05 	
0.00016474724 	
-0.00022169948 	
-0.00020384789 	
-4.6133995E-05 	
3.706664E-05 	
-5.0105155E-05 	
1.3113022E-06 	
-9.140372E-05 	
-8.821487E-06 	
-7.9125166E-05 	
-0.00017592311 	
5.096197E-05 	
1.8835068E-05 	
-8.404255E-06 	
5.7399273E-05 	
-0.0001500845 	
-0.0002475977 	
-5.441904E-05 	
3.695488E-05 	
-0.00013782084 	
5.5491924E-05 	
-0.00010777637 	
-7.414818E-05 	
-4.082918E-05 	
-0.00014716387 	
-0.00012233853 	
0.000100418925 	
-3.3263117E-05 	
-0.00022399426 	
-4.3928623E-05 	
0.00017310679 	
7.271767E-05 	
-3.939867E-05 	
0.00011050701 	
-5.4597855E-05 	
-1.3530254E-05 	
-0.00011420529 	
-0.00010108948 	
-2.938509E-05 	
-4.476309E-05 	
-6.696582E-05 	
-1.8417835E-05 	
2.9146671E-05 	
6.5237284E-05 	
0.00016406178 	
-5.0842762E-05 	
-0.0001423955 	
1.8954277E-05 	
-2.9802322E-07 	
-2.6762486E-05 	
7.349253E-05 	
-0.00017267466 	
-2.193451E-05 	
6.9230795E-05 	
0.00013464689 	
6.878376E-05 	
0.00011000037 	
-3.707409E-05 	
-4.2051077E-05 	
-7.0899725E-05 	
3.6478043E-05 	
-3.4093857E-05 	
-3.8564205E-05 	
5.7935715E-05 	
-6.0409307E-05 	
-0.0001116395 	
-0.00010038912 	
5.143881E-05 	
-2.0444393E-05 	
8.422136E-05 	
-3.4928322E-05 	
-3.0308962E-05 	
0.00012991577 	
8.922815E-05 	
0.00010499358 	
-4.235655E-06 	
-0.00016194582 	
-8.159876E-05 	
7.623434E-05 	
-7.1272254E-05 	
1.5318394E-05 	
8.8989735E-05 	
0.00010570884 	
-3.33786E-05 	
-0.00023776293 	
1.1086464E-05 	
5.054474E-05 	
1.2874603E-05 	
0.00015649386 	
0.00014102459 	
-5.9604645E-07 	
-5.208701E-05 	
-1.7642975E-05 	
