NONE: 
Time:00:00:00.69071102.7144952952085077E-13 	
1.2331975718371524E-13 	
1.7152945730458669E-13 	
6.650235917504688E-14 	
3.466671394392051E-14 	
9.103828801926284E-15 	
-1.6014967130217883E-14 	
1.9118040484045196E-13 	
-3.954198080080573E-13 	
-3.774758283725532E-14 	
-1.5720758028692217E-13 	
7.856736095046557E-14 	
-5.402622793582168E-14 	
9.992007221626409E-16 	
-6.38378239159465E-15 	
1.8951507030351422E-13 	
-3.5388358909926865E-15 	
-2.965405698773793E-13 	
5.562217353372034E-14 	
-1.084687895058778E-13 	
-1.4765966227514582E-14 	
6.761258219967203E-14 	
-2.1105339698124226E-13 	
-2.05613304160579E-13 	
-1.1690648449302898E-13 	
-2.370326157574709E-13 	
-9.908740494779522E-15 	
7.438494264988549E-14 	
-2.6641883144051803E-13 	
2.117750419472486E-14 	
4.1744385725905886E-14 	
-1.8951507030351422E-13 	
-1.152966611073225E-13 	
-6.131206653492427E-14 	
-1.9002160955849945E-14 	
-2.440270208126094E-13 	
1.0690059948359476E-13 	
7.251144129583054E-14 	
-1.1479706074624119E-13 	
-3.008704396734174E-14 	
1.7530421558831222E-13 	
-3.774758283725532E-15 	
9.447997939560082E-14 	
-2.4083859906376404E-13 	
-5.140332604014475E-14 	
-1.7208456881689926E-14 	
-1.6353585152728556E-13 	
-8.770761894538737E-14 	
-1.821875983409882E-13 	
5.562217353372034E-14 	
1.0380585280245214E-13 	
1.9484414082171497E-13 	
3.4861002973229915E-14 	
-9.664491429361988E-14 	
-1.0536016503692736E-13 	
-2.3323010189812976E-13 	
-1.376676550535194E-13 	
-1.6431300764452317E-14 	
-8.604228440844963E-14 	
-7.771561172376096E-16 	
3.214095656289828E-14 	
3.175237850427948E-14 	
1.7819079545233762E-13 	
9.692247004977617E-14 	
-9.037215420448774E-14 	
-4.346523141407488E-14 	
1.0849654508149342E-13 	
9.237055564881302E-14 	
-2.1660451210436804E-13 	
-6.328271240363392E-14 	
3.674838211509268E-14 	
6.916689443414725E-14 	
-1.3167245072054357E-13 	
-2.0175527915000657E-13 	
1.156852391659413E-13 	
-4.18554080283684E-14 	
7.416289804496046E-14 	
-4.207745263329343E-14 	
1.218192213769953E-13 	
1.9854951016640143E-13 	
1.3666845433135677E-13 	
1.3994361225400098E-13 	
-9.534040223968532E-15 	
-2.2637447472106942E-13 	
-1.2656542480726785E-13 	
2.4225066397320916E-13 	
-2.2121193765656244E-14 	
1.0891287871572786E-13 	
8.959499808725013E-14 	
2.275957200481571E-13 	
2.248201624865942E-15 	
-3.079758670310184E-13 	
7.752132269445156E-14 	
-4.624078897563777E-14 	
-5.731526364627371E-14 	
2.232415641234553E-13 	
1.5892842597509116E-13 	
-3.708144902248023E-14 	
3.03368441478824E-14 	
-2.653433028854124E-14 	
