PARTIAL: 
Time:00:00:00.3580010-1.7763568394002505E-15 	
-5.245803791353865E-15 	
-8.881784197001252E-16 	
-2.7755575615628914E-15 	
-1.2156942119645464E-14 	
3.3306690738754696E-16 	
-8.076872504148014E-15 	
7.771561172376096E-16 	
1.4904744105592727E-14 	
2.7755575615628914E-15 	
5.662137425588298E-15 	
1.3253287356462806E-15 	
4.163336342344337E-15 	
-2.9976021664879227E-15 	
4.9404924595819466E-15 	
-4.773959005888173E-15 	
5.773159728050814E-15 	
9.325873406851315E-15 	
-4.440892098500626E-16 	
0 	
1.0436096431476471E-14 	
-4.107825191113079E-15 	
6.106226635438361E-15 	
3.774758283725532E-15 	
5.551115123125783E-15 	
2.4424906541753444E-15 	
2.609024107869118E-15 	
6.439293542825908E-15 	
3.4416913763379853E-15 	
-2.3314683517128287E-15 	
3.9968028886505635E-15 	
3.3306690738754696E-16 	
2.3592239273284576E-15 	
-6.5780714209040525E-15 	
1.2524703496552547E-15 	
5.662137425588298E-15 	
-1.6653345369377348E-16 	
1.0824674490095276E-15 	
-1.1435297153639112E-14 	
1.2212453270876722E-15 	
-5.551115123125783E-15 	
5.329070518200751E-15 	
4.551914400963142E-15 	
1.1943571132100317E-14 	
8.881784197001252E-15 	
2.7755575615628914E-15 	
3.885780586188048E-15 	
2.3869795029440866E-15 	
5.551115123125783E-15 	
6.661338147750939E-16 	
-3.3861802251067274E-15 	
-6.5503158452884236E-15 	
4.9960036108132044E-15 	
6.716849298982197E-15 	
-2.1094237467877974E-15 	
-1.942890293094024E-15 	
1.6653345369377348E-15 	
-1.3322676295501878E-15 	
7.993605777301127E-15 	
6.772360450213455E-15 	
-8.770761894538737E-15 	
-2.220446049250313E-15 	
-2.3314683517128287E-15 	
-4.385380947269368E-15 	
4.773959005888173E-15 	
1.7763568394002505E-15 	
-8.743006318923108E-15 	
5.717648576819556E-15 	
-5.551115123125783E-16 	
3.552713678800501E-15 	
-4.440892098500626E-16 	
-5.6066262743570405E-15 	
6.106226635438361E-15 	
4.163336342344337E-15 	
-2.3314683517128287E-15 	
-6.5503158452884236E-15 	
3.3306690738754696E-16 	
-3.885780586188048E-15 	
2.914335439641036E-15 	
-2.4841240175987878E-15 	
-2.3314683517128287E-15 	
-4.746203430272544E-15 	
1.790234627208065E-15 	
1.1546319456101628E-14 	
1.4432899320127035E-15 	
-7.438494264988549E-15 	
-4.9404924595819466E-15 	
3.3306690738754696E-15 	
-7.105427357601002E-15 	
-8.049116928532385E-15 	
2.7755575615628914E-15 	
6.217248937900877E-15 	
5.88418203051333E-15 	
-7.216449660063518E-15 	
-1.1657341758564144E-15 	
-7.653599976009673E-15 	
-3.4416913763379853E-15 	
-1.5543122344752192E-15 	
4.038436252074007E-15 	
8.881784197001252E-16 	
