PARTIAL: 
Time:00:00:00.34062272.8014183E-06 	
2.5555491E-06 	
4.6491623E-06 	
5.9604645E-08 	
2.041459E-06 	
3.3974648E-06 	
8.046627E-07 	
1.4901161E-06 	
-4.3958426E-07 	
-4.7683716E-07 	
-1.3709068E-06 	
1.0784715E-06 	
-5.364418E-07 	
-5.9604645E-08 	
-5.9604645E-08 	
-1.4305115E-06 	
-1.9297004E-06 	
-2.2649765E-06 	
7.1525574E-07 	
1.5497208E-06 	
-3.516674E-06 	
-2.9802322E-07 	
-3.0398369E-06 	
-5.364418E-07 	
-4.7683716E-07 	
-3.8146973E-06 	
-3.97861E-06 	
4.172325E-07 	
2.644956E-07 	
2.9206276E-06 	
-4.4107437E-06 	
-1.013279E-06 	
-1.2814999E-06 	
4.7683716E-07 	
-2.1420419E-07 	
-3.993511E-06 	
-1.1324883E-06 	
-3.4570694E-06 	
1.013279E-06 	
2.7418137E-06 	
-1.4305115E-06 	
-5.4836273E-06 	
5.9604645E-07 	
-3.1683594E-06 	
-1.9669533E-06 	
-2.3841858E-07 	
-3.0994415E-06 	
-2.8312206E-06 	
-2.1457672E-06 	
5.066395E-06 	
-2.2947788E-06 	
3.8146973E-06 	
4.7683716E-07 	
-2.026558E-06 	
-3.3974648E-06 	
6.109476E-07 	
-2.3841858E-07 	
7.033348E-06 	
-5.9604645E-07 	
-1.4305115E-06 	
2.6524067E-06 	
-3.2186508E-06 	
4.172325E-07 	
-6.109476E-07 	
-1.3113022E-06 	
-4.7683716E-06 	
2.399087E-06 	
-1.6987324E-06 	
-1.3113022E-06 	
1.1920929E-06 	
1.9669533E-06 	
1.5199184E-06 	
-6.1392784E-06 	
-2.682209E-07 	
7.1525574E-07 	
2.026558E-06 	
-4.529953E-06 	
1.3709068E-06 	
-1.5795231E-06 	
-1.9855797E-06 	
-1.7881393E-07 	
2.026558E-06 	
4.0978193E-07 	
-7.1525574E-07 	
-1.4901161E-06 	
3.7550926E-06 	
2.5182962E-06 	
2.9802322E-07 	
2.2649765E-06 	
-9.3877316E-07 	
1.6391277E-07 	
5.9604645E-08 	
-4.917383E-07 	
-4.798174E-06 	
-9.834766E-07 	
-2.5369227E-06 	
-4.2915344E-06 	
1.847744E-06 	
-9.3877316E-07 	
-1.1324883E-06 	
