FULL: 
Time:00:02:41.21570001.84297022087776E-14 	
2.95666269245487E-14 	
1.5765166949677223E-14 	
-1.787459069646502E-14 	
1.8041124150158794E-14 	
-1.2323475573339238E-14 	
1.9206858326015208E-14 	
1.9206858326015208E-14 	
3.3861802251067274E-15 	
-6.8736683012105E-14 	
-1.9761969838327786E-14 	
1.1962653090336062E-14 	
-8.43769498715119E-15 	
-3.3861802251067274E-14 	
-1.9859114352982488E-14 	
5.81756864903582E-14 	
-7.049916206369744E-15 	
3.4861002973229915E-14 	
-1.5432100042289676E-14 	
7.149836278586008E-14 	
-1.6542323066914832E-14 	
-5.051514762044462E-15 	
2.7625471354930653E-14 	
4.107825191113079E-15 	
-3.086420008457935E-14 	
5.340172748447003E-14 	
-1.63202784619898E-14 	
2.5091040356528538E-14 	
1.4072076837123859E-14 	
8.415490526658687E-14 	
2.3394914477892215E-15 	
3.4416913763379853E-15 	
-8.881784197001252E-16 	
-5.534808722451601E-14 	
1.176836406102666E-14 	
-2.2315482794965646E-14 	
1.099120794378905E-14 	
-1.9984014443252818E-15 	
-2.1121993043493603E-14 	
4.551914400963142E-15 	
1.965094753586527E-14 	
3.991251773527438E-14 	
-1.3600232051658168E-14 	
5.828670879282072E-14 	
-1.2656542480726785E-14 	
4.263256414560601E-14 	
-8.326672684688674E-15 	
1.5432100042289676E-14 	
2.142730437526552E-14 	
-2.4091839634365897E-14 	
1.8096635301390052E-14 	
-1.4377388168895777E-14 	
-3.0309088572266774E-14 	
-1.304512053934559E-14 	
8.68749516769185E-15 	
-1.8207657603852567E-14 	
1.1102230246251565E-16 	
7.827072323607354E-15 	
2.808864252301646E-14 	
-1.659783421814609E-14 	
-2.3647750424515834E-14 	
-1.1213252548714081E-14 	
2.3592239273284576E-14 	
-4.7628567756419216E-14 	
3.824718319833664E-14 	
-4.5602410736478305E-14 	
-1.865174681370263E-14 	
-1.0047518372857667E-14 	
4.056504481278478E-14 	
3.1252778143198157E-14 	
-1.554312234475219E-14 	
1.5987211554602254E-14 	
-1.9317880628477724E-14 	
1.0769163338864018E-14 	
6.034062138837726E-14 	
3.774758283725532E-15 	
2.4313884239290928E-14 	
7.882583474838611E-15 	
-5.995204332975845E-15 	
-4.385380947269368E-15 	
2.5576762929802044E-14 	
-7.008282842946301E-15 	
-3.1780134079895106E-14 	
4.807265696626928E-14 	
5.84671200343223E-14 	
2.531308496145357E-14 	
-2.040034807748725E-14 	
2.5646151868841116E-14 	
9.992007221626409E-16 	
-2.3314683517128287E-15 	
-3.93574062229618E-14 	
-3.785860513971784E-14 	
1.5078216453190407E-14 	
-2.842170943040401E-14 	
-5.728750807065808E-14 	
2.55351295663786E-15 	
1.9539925233402755E-14 	
-9.325873406851315E-15 	
-1.4932499681208355E-14 	
-3.558264793923627E-14 	
2.1649348980190553E-14 	
-2.731148640577885E-14 	
-1.2323475573339238E-14 	
-4.884981308350689E-15 	
7.893685705084863E-14 	
3.930189507173054E-14 	
-9.936496070395151E-15 	
1.176836406102666E-14 	
-1.8707257964933888E-14 	
-1.0241807402167069E-14 	
-8.770761894538737E-15 	
4.75175454539567E-14 	
-4.551914400963142E-14 	
-1.709743457922741E-14 	
1.4432899320127035E-15 	
1.0047518372857667E-14 	
1.8818280267396403E-14 	
1.7985612998927536E-14 	
4.884981308350689E-15 	
-1.8179902028236938E-14 	
-1.759703494030873E-14 	
-1.3211653993039363E-14 	
5.717648576819556E-15 	
5.551115123125783E-17 	
-5.440092820663267E-15 	
2.4702462297909733E-14 	
2.19824158875781E-14 	
2.3678975447083417E-16 	
-1.0658141036401503E-14 	
4.8960835385969403E-14 	
-1.6431300764452317E-14 	
-2.786659791809143E-14 	
-1.7881529590368928E-14 	
4.0023540037736893E-14 	
1.3711254354120683E-14 	
7.216449660063518E-14 	
2.3064883336587627E-14 	
6.494804694057166E-14 	
-2.0539125955565396E-14 	
6.661338147750939E-15 	
9.880984919163893E-15 	
-2.09277040141842E-14 	
2.1815882433884326E-14 	
-3.552713678800501E-15 	
-9.769962616701378E-15 	
-4.551914400963142E-15 	
2.1899149160731213E-14 	
-4.468647674116255E-14 	
4.068967385251199E-14 	
1.4988010832439613E-14 	
-1.865174681370263E-14 	
2.4424906541753444E-15 	
-4.2799097599299785E-14 	
2.020605904817785E-14 	
1.2850831510036187E-14 	
6.994405055138486E-15 	
1.7319479184152442E-14 	
-3.5416114485542494E-14 	
5.551115123125783E-16 	
-5.638545186315014E-14 	
1.7291723608536813E-14 	
4.75175454539567E-14 	
4.18554080283684E-14 	
1.2212453270876722E-15 	
3.338995746560158E-14 	
-3.019806626980426E-14 	
5.2513549064769904E-14 	
3.880229471064922E-14 	
-3.1585845050585704E-14 	
-3.577693696854567E-14 	
2.353672812205332E-14 	
-1.9095836023552692E-14 	
-7.271960811294775E-15 	
-1.63202784619898E-14 	
-7.338574192772285E-14 	
-4.440892098500626E-15 	
-8.215650382226158E-15 	
-1.3877787807814457E-14 	
1.071365218763276E-14 	
3.93574062229618E-14 	
1.6094764410112816E-14 	
1.532107773982716E-14 	
-2.9032332093947844E-14 	
2.19824158875781E-14 	
1.5154544286133387E-14 	
-1.587618925213974E-14 	
-2.603472992745992E-14 	
-9.43689570931383E-16 	
-2.5479618415147343E-14 	
1.3433698597964394E-14 	
-7.882583474838611E-15 	
-4.08006961549745E-14 	
-2.781108676686017E-14 	
9.992007221626409E-16 	
5.0431880893597736E-14 	
4.8960835385969403E-14 	
3.2807090377673376E-14 	
2.980948821118545E-14 	
-2.042810365310288E-14 	
3.019806626980426E-14 	
-2.3203661214665772E-14 	
-2.853273173286652E-14 	
-7.049916206369744E-15 	
3.3584246494910985E-14 	
5.88418203051333E-15 	
1.2739809207573671E-14 	
-4.879430193227563E-14 	
-4.3520742565306136E-14 	
3.6637359812630166E-15 	
3.319566843629218E-14 	
3.4416913763379853E-15 	
5.398459457239824E-15 	
-2.2967738821932926E-14 	
-1.9068080447937064E-14 	
-5.845324224651449E-14 	
3.1308289294429414E-14 	
-2.275957200481571E-14 	
2.930988785010413E-14 	
-7.133182933216631E-14 	
3.108624468950438E-14 	
-1.432187701766452E-14 	
5.1958437552457326E-14 	
2.3370194668359545E-14 	
2.9976021664879227E-15 	
2.48620568576996E-14 	
1.554312234475219E-14 	
-1.304512053934559E-14 	
-1.2323475573339238E-14 	
-3.597122599785507E-14 	
7.105427357601002E-15 	
3.191891195797325E-14 	
-1.099120794378905E-14 	
-1.2212453270876722E-15 	
4.3298697960381105E-14 	
4.085620730620576E-14 	
-1.448103789658539E-14 	
3.774758283725532E-15 	
4.2521541843143495E-14 	
3.0031532816110484E-14 	
2.3869795029440866E-14 	
8.770761894538737E-15 	
-2.098321516541546E-14 	
1.9984014443252818E-15 	
-4.551914400963142E-15 	
3.6415315207705135E-14 	
3.7636560534792807E-14 	
2.3814283878209608E-14 	
1.7541523789077473E-14 	
-2.7644553313166398E-14 	
3.0003777240494856E-14 	
-5.3179682879545E-14 	
4.296563105299356E-14 	
-4.96269692007445E-14 	
-1.7985612998927536E-14 	
3.042011087472929E-14 	
-7.771561172376096E-15 	
-9.992007221626409E-16 	
-3.2529534621517087E-14 	
1.1879386363489175E-14 	
1.0658141036401503E-14 	
-1.099120794378905E-14 	
2.864375403532904E-14 	
-2.731148640577885E-14 	
3.2085445411667024E-14 	
-8.772843562709909E-14 	
1.2503886814840826E-14 	
1.6542323066914832E-14 	
-3.47499806707674E-14 	
4.551914400963142E-14 	
-2.1094237467877974E-14 	
5.750955267558311E-14 	
2.475797344914099E-14 	
1.9165224962591765E-14 	
5.218048215738236E-14 	
-5.889733145636455E-14 	
1.1657341758564144E-14 	
-7.382983113757291E-15 	
7.549516567451064E-15 	
1.4432899320127035E-15 	
4.785061236134425E-14 	
4.721223412218478E-14 	
-3.086420008457935E-14 	
2.653433028854124E-14 	
9.992007221626409E-15 	
6.439293542825908E-15 	
-2.9976021664879227E-15 	
-4.951594689828198E-14 	
-2.6201263381153694E-14 	
8.18789480661053E-15 	
-6.994405055138486E-14 	
2.7353119769202294E-14 	
9.547918011776346E-15 	
-5.610095721308994E-15 	
3.8219427622721014E-14 	
6.6058269965196814E-15 	
-1.1352030426792226E-14 	
-5.5788706987414116E-14 	
-1.0935696792557792E-14 	
-4.198030811863873E-14 	
-5.495603971894525E-14 	
5.96189764223709E-14 	
-4.030109579389318E-14 	
-4.2521541843143495E-14 	
2.0872192862952943E-14 	
8.326672684688674E-16 	
2.886579864025407E-15 	
2.8199664825478976E-14 	
-3.054501096499962E-14 	
-1.5210055437364645E-14 	
-1.6653345369377348E-15 	
-5.268008251846368E-14 	
1.27675647831893E-15 	
5.5844218138645374E-14 	
4.39648317751562E-14 	
-8.493206138382448E-15 	
2.942091015256665E-15 	
-4.551914400963142E-15 	
2.045585922871851E-14 	
-7.438494264988549E-14 	
7.549516567451064E-15 	
-2.7533531010703882E-14 	
2.4147350785597155E-14 	
3.26405569239796E-14 	
-6.661338147750939E-16 	
-2.8976820942716586E-14 	
-2.6978419498391304E-14 	
-1.3433698597964394E-14 	
2.0095036745715333E-14 	
-2.6423307986078726E-14 	
5.773159728050814E-15 	
-6.217248937900877E-15 	
-3.1530333899354446E-14 	
-6.980527267330672E-15 	
4.0523140398818214E-14 	
-1.6986412276764895E-14 	
-9.325873406851315E-15 	
6.605826996519681E-14 	
3.3306690738754696E-16 	
-3.452793606584237E-14 	
1.1213252548714081E-14 	
2.1094237467877974E-14 	
2.8976820942716586E-14 	
-2.919886554764162E-14 	
-2.375877272697835E-14 	
-1.3322676295501878E-14 	
-1.4099832412739488E-14 	
-3.7969627442180354E-14 	
2.3203661214665772E-14 	
-1.9817480989559044E-14 	
-1.7430501486614958E-14 	
1.9978810272824887E-14 	
-7.327471962526033E-15 	
-2.4646951146678475E-14 	
2.2537527399890678E-14 	
-2.6305346789712303E-14 	
-4.440892098500626E-15 	
1.4210854715202004E-14 	
1.7579687705548963E-14 	
5.162537064506978E-15 	
1.532107773982716E-14 	
-5.750955267558311E-14 	
-1.9984014443252818E-15 	
-1.2434497875801753E-14 	
-3.697042672001771E-14 	
-2.3925306180672123E-14 	
-2.7422508708241367E-14 	
-2.1371793224034263E-15 	
1.4155343563970746E-14 	
2.098321516541546E-14 	
-1.7208456881689926E-14 	
4.118927421359331E-14 	
-4.9182879990894435E-14 	
-4.449045298837717E-14 	
-4.318767565791859E-14 	
3.808064974464287E-14 	
-2.1316282072803006E-14 	
2.942091015256665E-15 	
2.170486013142181E-14 	
-4.2521541843143495E-14 	
-1.509903313490213E-14 	
-4.118927421359331E-14 	
-1.4210854715202004E-14 	
2.0650148258027912E-14 	
2.19824158875781E-14 	
3.8968828164342995E-14 	
2.0539125955565396E-14 	
-2.3203661214665772E-14 	
4.1744385725905886E-14 	
4.5630166312093934E-14 	
-1.0258460747536446E-13 	
1.1102230246251565E-16 	
4.288236432614667E-14 	
-1.1712852909795402E-14 	
4.296563105299356E-14 	
1.421779360910591E-14 	
-9.414691248821327E-14 	
7.494005416219807E-15 	
7.238654120556021E-14 	
-3.297362383136715E-14 	
-6.106226635438361E-14 	
1.609823385706477E-14 	
-1.27675647831893E-14 	
-8.049116928532385E-14 	
9.992007221626409E-15 	
4.048324175887075E-14 	
-5.662137425588298E-15 	
6.439293542825908E-15 	
1.1435297153639112E-14 	
-2.6645352591003757E-15 	
-4.85722573273506E-14 	
2.919886554764162E-14 	
5.850875339774575E-14 	
2.3203661214665772E-14 	
-3.630429290524262E-14 	
-2.55351295663786E-14 	
5.3512749786932545E-14 	
-4.04121180963557E-14 	
-1.865174681370263E-14 	
-3.8746783559417963E-14 	
3.780309398848658E-14 	
-1.9373391779708982E-14 	
6.727951529228449E-14 	
4.629630012686903E-14 	
2.4980018054066022E-14 	
-4.235500838944972E-14 	
-3.534672554650342E-14 	
7.66053886991358E-15 	
5.850875339774575E-14 	
7.249756350802272E-14 	
1.2156942119645464E-14 	
2.4868995751603507E-14 	
-4.884981308350689E-15 	
-1.2212453270876722E-14 	
-2.5424107263916085E-14 	
1.8318679906315083E-14 	
8.049116928532385E-15 	
6.69048150214735E-14 	
-1.4988010832439613E-14 	
3.297362383136715E-14 	
-8.104628079763643E-15 	
-4.0245584642661925E-14 	
2.2648549702353193E-14 	
4.4075854077618715E-14 	
1.3239409568654992E-14 	
-1.7319479184152442E-14 	
-4.4700354528970365E-14 	
-2.020605904817785E-14 	
-2.220446049250313E-15 	
2.7755575615628914E-16 	
4.855057328390089E-15 	
9.992007221626409E-15 	
1.0054457266761574E-14 	
-1.2101430968414206E-14 	
1.4224732503009818E-14 	
-3.652633751016765E-14 	
3.2931990467943706E-14 	
-3.011479954295737E-14 	
-2.2870594307278225E-14 	
6.705747068735946E-14 	
-9.769962616701378E-15 	
-6.045164369083977E-14 	
-9.769962616701378E-14 	
-1.2490009027033011E-14 	
2.120525977034049E-14 	
-1.4654943925052066E-14 	
5.4289905904170155E-14 	
-2.1815882433884326E-14 	
5.46229728115577E-14 	
3.064215547965432E-14 	
1.787459069646502E-14 	
3.086420008457935E-14 	
4.207745263329343E-14 	
2.8227420401094605E-14 	
-2.808864252301646E-14 	
-1.412203687323199E-13 	
2.2870594307278225E-14 	
-7.382983113757291E-15 	
7.55506768257419E-14 	
-2.278038868652743E-14 	
-5.5067062021407764E-14 	
1.4654943925052066E-14 	
-5.927897062107945E-14 	
-1.021405182655144E-14 	
-6.139533326177116E-14 	
-8.061606937559418E-14 	
1.6986412276764895E-14 	
-2.6645352591003757E-14 	
2.453592884421596E-14 	
-4.707345624410664E-14 	
-8.992806499463768E-15 	
-7.432943149865423E-14 	
6.661338147750939E-16 	
-2.3647750424515834E-14 	
-5.4511950509095186E-14 	
-2.020605904817785E-14 	
2.8199664825478976E-14 	
7.721601136267964E-14 	
-8.215650382226158E-15 	
-1.1091128016005314E-13 	
-2.0861090632706691E-13 	
