FULL: 
Time:00:02:50.78639313.33786E-06 	
-8.121133E-07 	
-1.41859055E-05 	
-1.4960766E-05 	
2.0802021E-05 	
-2.7894974E-05 	
-1.3291836E-05 	
1.3232231E-05 	
6.020069E-06 	
-3.351271E-05 	
2.5629997E-06 	
1.7613173E-05 	
1.0192394E-05 	
3.8146973E-06 	
1.7486513E-05 	
1.4901161E-06 	
-4.8577785E-06 	
6.7949295E-06 	
-5.0485134E-05 	
3.2126904E-05 	
5.477667E-05 	
1.218915E-05 	
-5.437061E-06 	
-3.540516E-05 	
-1.218915E-05 	
3.361702E-05 	
-2.8192997E-05 	
-2.026558E-06 	
6.5118074E-06 	
1.680851E-05 	
-2.7528149E-05 	
3.5226345E-05 	
9.775162E-06 	
-4.0632207E-05 	
-8.046627E-06 	
-1.8626451E-05 	
-2.2888184E-05 	
7.1525574E-07 	
-1.6406178E-05 	
2.6404858E-05 	
1.898408E-05 	
3.7372112E-05 	
1.50203705E-05 	
5.6028366E-06 	
-4.851818E-05 	
3.33786E-05 	
-1.1503696E-05 	
3.695488E-06 	
8.583069E-06 	
-1.579523E-05 	
3.090501E-05 	
-2.1755695E-05 	
-4.094839E-05 	
1.0311604E-05 	
-7.793307E-06 	
-7.8082085E-06 	
-1.8537045E-05 	
7.748604E-06 	
-3.9339066E-06 	
1.04904175E-05 	
3.784895E-06 	
-3.5762787E-06 	
-8.910894E-06 	
6.1392784E-06 	
1.0550022E-05 	
7.998198E-06 	
-7.0929527E-06 	
-6.1392784E-06 	
5.3852273E-06 	
-7.286668E-06 	
-6.4373016E-06 	
-1.0728836E-06 	
-3.3080578E-06 	
4.708767E-06 	
5.4210424E-05 	
2.0563602E-06 	
2.592802E-05 	
-4.4107437E-06 	
-9.596348E-06 	
-1.9609928E-05 	
1.8171966E-05 	
-1.5314668E-05 	
4.0978193E-06 	
-1.6987324E-05 	
2.3037195E-05 	
-2.3841858E-06 	
-4.1872263E-06 	
3.4868717E-06 	
-3.8146973E-06 	
-3.784895E-05 	
-2.6524067E-06 	
-4.386902E-05 	
3.8065016E-05 	
-2.0831823E-05 	
-4.2557716E-05 	
-1.2755394E-05 	
3.2186508E-05 	
-4.297495E-05 	
-1.8656254E-05 	
-2.3573637E-05 	
2.259016E-05 	
-2.6464462E-05 	
-3.2022595E-05 	
3.33786E-06 	
1.3768673E-05 	
-1.4901161E-06 	
-8.34465E-06 	
-5.3048134E-06 	
-1.8626451E-05 	
2.4594367E-05 	
-2.682209E-06 	
1.6264617E-05 	
5.6028366E-06 	
3.874302E-07 	
2.3245811E-06 	
4.1246414E-05 	
-3.963709E-06 	
-2.503395E-06 	
1.6093254E-05 	
2.2232533E-05 	
-3.066659E-05 	
5.00679E-06 	
-1.001358E-05 	
-4.056096E-05 	
2.8759241E-05 	
2.9295683E-05 	
-8.285046E-06 	
-1.9819243E-05 	
4.4107437E-06 	
2.1159649E-05 	
-1.6644597E-05 	
-1.5199184E-05 	
-9.030104E-06 	
2.56598E-05 	
2.3275614E-05 	
2.1874905E-05 	
1.6137958E-05 	
4.1902065E-05 	
-3.695488E-06 	
1.0609627E-05 	
7.033348E-06 	
-8.314848E-06 	
-1.6152859E-05 	
2.6524067E-05 	
2.0980835E-05 	
-9.536743E-06 	
-1.1131167E-05 	
-1.9699335E-05 	
2.1010637E-05 	
6.020069E-06 	
1.0788441E-05 	
5.185604E-06 	
-1.2814999E-05 	
-8.791685E-07 	
1.2353063E-05 	
-4.1395426E-05 	
9.179115E-06 	
-2.3007393E-05 	
1.3709068E-06 	
-2.8133392E-05 	
1.9401312E-05 	
-6.4969063E-06 	
-1.001358E-05 	
1.92374E-05 	
3.233552E-06 	
-2.95043E-06 	
9.000301E-06 	
2.6002526E-05 	
-1.9490719E-05 	
-8.538365E-06 	
2.2172928E-05 	
-2.7269125E-05 	
-1.22487545E-05 	
-1.0788441E-05 	
-5.6028366E-06 	
2.3841858E-07 	
-3.993511E-06 	
-2.3066998E-05 	
-1.0192394E-05 	
-1.8432736E-05 	
-4.0456653E-06 	
-1.1354685E-05 	
-6.8843365E-06 	
1.5236437E-05 	
1.9311905E-05 	
3.33786E-06 	
-1.79708E-05 	
7.897615E-06 	
-2.7626753E-05 	
1.66893E-05 	
-1.5497208E-05 	
-1.7255545E-05 	
1.3113022E-05 	
-1.9609928E-05 	
1.2069941E-05 	
5.1259995E-06 	
5.6535006E-05 	
-1.0788441E-05 	
1.001358E-05 	
3.0994415E-06 	
-1.7464161E-05 	
1.4275312E-05 	
5.7816505E-06 	
-1.6003847E-05 	
7.0929527E-06 	
3.9998442E-05 	
-2.0891428E-05 	
-2.5689602E-05 	
2.0503998E-05 	
3.3080578E-05 	
3.272295E-05 	
2.0876527E-05 	
2.8654933E-05 	
-5.300343E-05 	
-3.2633543E-05 	
-1.2844801E-05 	
-3.439188E-05 	
-2.5212765E-05 	
-3.3676624E-06 	
-2.2828579E-05 	
1.4662743E-05 	
-9.000301E-06 	
1.7762184E-05 	
-2.026558E-06 	
2.9338524E-05 	
-2.0861626E-05 	
1.0728836E-06 	
-1.8954277E-05 	
5.7816505E-06 	
-8.106232E-06 	
-8.583069E-06 	
3.9875507E-05 	
-7.0482492E-06 	
3.0755997E-05 	
1.9133091E-05 	
2.2944994E-05 	
-6.28829E-06 	
2.43783E-05 	
2.065301E-05 	
4.374981E-05 	
6.7949295E-06 	
1.2993813E-05 	
-1.692772E-05 	
2.7656555E-05 	
1.5556812E-05 	
8.881092E-06 	
1.4707446E-05 	
1.9311905E-05 	
1.1563301E-05 	
-1.6003847E-05 	
-2.0623207E-05 	
4.6491623E-06 	
-2.2649765E-06 	
-1.1861324E-05 	
-2.732873E-05 	
-2.0384789E-05 	
2.0802021E-05 	
1.0251999E-05 	
-2.8967857E-05 	
6.1690807E-06 	
1.3530254E-05 	
-2.4437904E-06 	
1.6212463E-05 	
2.8967857E-05 	
-1.4714897E-05 	
2.7604401E-05 	
4.887581E-06 	
-1.9073486E-05 	
-1.8239021E-05 	
-1.859665E-05 	
-7.3313713E-06 	
4.887581E-06 	
-4.7162175E-06 	
6.020069E-06 	
-9.536743E-06 	
1.66893E-06 	
1.6510487E-05 	
3.516674E-06 	
-1.0788441E-05 	
4.208088E-05 	
2.9444695E-05 	
-9.596348E-06 	
2.2649765E-06 	
-1.4305115E-05 	
-6.67572E-06 	
-2.2113323E-05 	
-1.7821789E-05 	
1.013279E-05 	
1.0952353E-06 	
2.9563904E-05 	
3.235787E-05 	
-2.193451E-05 	
-2.058968E-05 	
2.1114945E-05 	
-7.4207783E-06 	
1.5050173E-06 	
1.1593103E-05 	
1.3679266E-05 	
-5.7667494E-06 	
-2.9802322E-07 	
2.2053719E-06 	
-1.8268824E-05 	
-1.770258E-05 	
4.4345856E-05 	
-6.765127E-06 	
1.3887882E-05 	
4.9471855E-06 	
-2.515316E-05 	
7.852912E-06 	
3.0994415E-06 	
-2.9057264E-05 	
1.5586615E-05 	
5.659461E-05 	
1.6912818E-06 	
1.9490719E-05 	
7.1525574E-07 	
-1.4901161E-05 	
-2.1710992E-05 	
-1.8239021E-05 	
9.417534E-06 	
1.7791986E-05 	
3.5762787E-06 	
-7.0929527E-06 	
-1.7285347E-06 	
-1.180172E-05 	
1.424551E-05 	
-3.1471252E-05 	
1.2069941E-05 	
2.3245811E-06 	
-1.2457371E-05 	
1.13248825E-05 	
-6.2584877E-06 	
-8.0391765E-06 	
2.360344E-05 	
-8.523464E-06 	
-4.351139E-06 	
2.8550625E-05 	
-3.1352043E-05 	
-3.1590462E-06 	
1.770258E-05 	
1.4305115E-05 	
3.71933E-05 	
-6.7949295E-06 	
-3.027916E-05 	
1.5795231E-06 	
-7.987022E-06 	
3.2186508E-06 	
2.7000904E-05 	
3.4570694E-06 	
-6.1392784E-06 	
2.0997599E-05 	
6.6161156E-06 	
4.23193E-06 	
-1.4543533E-05 	
6.3069165E-06 	
1.6272068E-05 	
-3.4749508E-05 	
3.9349077E-05 	
-6.2286854E-06 	
3.5762787E-06 	
8.225441E-06 	
-9.834766E-06 	
1.4126301E-05 	
7.390976E-06 	
-1.0997057E-05 	
1.1086464E-05 	
-1.2382865E-05 	
3.9607286E-05 	
-3.4570694E-06 	
-1.0058284E-05 	
5.9723854E-05 	
-2.8789043E-05 	
8.8708475E-06 	
-6.4373016E-06 	
-2.1874905E-05 	
-2.2172928E-05 	
-3.3974648E-06 	
-1.7881393E-06 	
-1.591444E-05 	
-8.6426735E-06 	
-3.5107136E-05 	
1.6570091E-05 	
1.9550323E-05 	
1.347065E-05 	
1.1324883E-06 	
-5.7816505E-06 	
-3.8146973E-06 	
3.707409E-05 	
1.013279E-05 	
-5.6028366E-06 	
-3.3676624E-06 	
2.9310584E-05 	
1.0997057E-05 	
-3.9339066E-06 	
-2.5648624E-06 	
2.4557114E-05 	
-1.0758638E-05 	
2.4974346E-05 	
-2.1219254E-05 	
3.784895E-05 	
1.5676022E-05 	
-3.015995E-05 	
-1.6987324E-06 	
-2.95043E-05 	
-1.7536804E-06 	
-1.5676022E-05 	
4.4107437E-06 	
-7.987022E-06 	
2.6285648E-05 	
-1.2695789E-05 	
4.249811E-05 	
3.1530857E-05 	
2.3066998E-05 	
-1.0192394E-05 	
3.6358833E-06 	
-3.787875E-05 	
6.556511E-07 	
1.0371208E-05 	
1.859665E-05 	
4.3958426E-05 	
3.322959E-05 	
6.4373016E-06 	
-2.6196241E-05 	
-1.7285347E-05 	
4.5597553E-06 	
-1.6063452E-05 	
1.0609627E-05 	
-2.1755695E-05 	
-2.503395E-06 	
8.702278E-06 	
3.2901764E-05 	
-7.4505806E-06 	
4.2915344E-06 	
-2.2351742E-05 	
4.2140484E-05 	
-1.0967255E-05 	
2.9429793E-06 	
-2.5242567E-05 	
2.6404858E-05 	
-2.7000904E-05 	
9.775162E-06 	
2.0474195E-05 	
4.529953E-06 	
1.6003847E-05 	
5.185604E-06 	
1.789257E-05 	
2.771616E-05 	
-1.8715858E-05 	
2.95043E-06 	
-4.616799E-06 	
8.225441E-06 	
3.6324374E-05 	
3.552437E-05 	
-2.2541732E-05 	
-6.0498714E-06 	
3.3531338E-05 	
2.8401613E-05 	
-2.8192997E-05 	
2.3901463E-05 	
-1.8656254E-05 	
-4.953146E-05 	
-2.0325184E-05 	
2.3543835E-06 	
6.8843365E-06 	
-3.9339066E-06 	
3.2365322E-05 	
-4.3094158E-05 	
1.5974045E-05 	
3.5643578E-05 	
1.3142824E-05 	
-5.90086E-06 	
1.9490719E-05 	
9.3877316E-07 	
-2.899766E-05 	
2.18153E-05 	
1.3411045E-05 	
2.732873E-05 	
-3.2186508E-06 	
-2.9016286E-05 	
-6.556511E-06 	
2.4735928E-05 	
-1.8607825E-05 	
2.8014183E-06 	
-6.873906E-05 	
-1.1824071E-05 	
2.1159649E-05 	
-2.8371811E-05 	
2.938509E-05 	
1.1563301E-05 	
3.4093857E-05 	
2.938509E-05 	
3.2126904E-05 	
-6.377697E-06 	
1.9192696E-05 	
-1.31726265E-05 	
-6.1392784E-06 	
1.0043383E-05 	
1.7344952E-05 	
-2.8371811E-05 	
1.2278557E-05 	
