NONE: 
Time:00:00:20.6198130-0.0044364333 	
-0.003186226 	
-0.00049716234 	
-0.0026038885 	
-0.0028912425 	
-0.004441321 	
-0.0014719367 	
-0.0049425364 	
-0.0042607784 	
-0.0010693073 	
0.0022917986 	
0.0014830381 	
0.004956186 	
0.004512608 	
0.0020200908 	
-0.0039387345 	
-0.00042250752 	
-9.8228455E-05 	
-0.0019347072 	
-0.00047051907 	
0.009530246 	
0.0017178953 	
0.0035467339 	
-0.007010132 	
0.002864778 	
-0.00072181225 	
-0.0009786487 	
-0.0052619576 	
0.0039056838 	
-0.009391189 	
-0.005896966 	
0.0062612295 	
-0.003297031 	
-0.0060632033 	
-0.0023442507 	
-0.0055266917 	
0.0023080707 	
-0.0029260516 	
0.00029963255 	
-0.002012074 	
-0.0052942783 	
0.0067691505 	
-0.0020154119 	
-5.0723553E-05 	
-0.00071930885 	
0.005847454 	
0.0027803779 	
-0.0052871555 	
-0.0051668882 	
0.0018230677 	
0.0008544177 	
-0.0024891198 	
-0.00076556206 	
0.0006407201 	
0.00069986284 	
-0.005443752 	
-0.0008748472 	
-0.0008240789 	
-3.5643578E-05 	
0.004025355 	
0.005155161 	
-0.0031889677 	
-0.0031898916 	
0.0012644529 	
-0.0014393926 	
0.00926685 	
0.0049319267 	
-0.0004689172 	
0.0045414963 	
-0.0034710318 	
0.0047209263 	
0.00025093555 	
0.0002564788 	
0.0036903024 	
0.004571289 	
-0.0013728738 	
-0.00049316883 	
0.0012773871 	
-0.005832374 	
-0.0011374354 	
0.00016824156 	
0.004159093 	
-0.0016512126 	
-0.0058104396 	
0.0013209693 	
-0.005502403 	
-0.00083854795 	
-0.000900805 	
0.001334846 	
-1.6629696E-05 	
-0.0020551383 	
-0.010522544 	
0.001638148 	
0.001794517 	
-0.0029993653 	
0.0013540983 	
0.0086990595 	
-0.002886653 	
-0.00020766258 	
-0.0048865974 	
0.004481405 	
-0.002294004 	
0.006567344 	
0.0032450557 	
0.00087046623 	
-0.0015671849 	
0.006100714 	
-0.0026634336 	
0.004986167 	
0.0054941326 	
0.0031395555 	
0.0016371235 	
0.00345546 	
0.002806291 	
-0.010132134 	
0.0017493665 	
-0.0007904768 	
-0.0029714108 	
0.0058324337 	
0.006519705 	
-0.0027030408 	
-0.0034024715 	
-0.00014722347 	
-0.004915625 	
0.0017375946 	
-0.007920444 	
-0.0036244988 	
-0.0052536726 	
0.0009572506 	
0.0047107935 	
0.0015222579 	
-0.0031607747 	
-0.003491193 	
0.008503258 	
-0.0007428527 	
-0.0004426241 	
0.0047098547 	
-0.0028772354 	
-0.001305759 	
0.0058037043 	
0.0035570264 	
-0.0014249384 	
-0.0003440082 	
-0.002408564 	
0.003960848 	
-0.00073724985 	
0.001246661 	
-0.0034369528 	
0.0002695173 	
-0.00085937977 	
0.00312531 	
0.0027658045 	
0.007204145 	
0.0043801665 	
0.0020285845 	
-0.007306099 	
0.004871309 	
-0.0032228231 	
-0.0024853349 	
0.00012471527 	
0.0030000657 	
-0.006928146 	
-0.0042785406 	
-0.0029153079 	
-0.0008638203 	
1.6272068E-05 	
0.0019186437 	
0.006014496 	
-0.0027318 	
-0.0011931211 	
0.0071861744 	
-0.0017361641 	
-0.0023398995 	
0.000687778 	
0.0008237362 	
-0.0033934712 	
0.0037341118 	
0.0031650066 	
-0.002577424 	
9.432435E-06 	
0.0006410647 	
0.004102394 	
0.0032173395 	
-0.0040083453 	
-0.003540337 	
-0.002336949 	
-0.004400313 	
0.0066920817 	
0.0029024184 	
0.0057337284 	
0.0016067624 	
0.0077278316 	
-0.00054627657 	
-0.0032020807 	
-0.0058489293 	
-0.0039238334 	
0.0045009553 	
0.0005438328 	
0.0068084 	
0.0034587383 	
-0.0049476027 	
0.0034681857 	
-0.004329324 	
-0.0081290305 	
0.0005502105 	
0.0023449622 	
-0.0051005483 	
-0.0059891343 	
0.0017938614 	
-0.0011889935 	
0.0034889579 	
0.005005479 	
0.007918075 	
-0.0014544353 	
-0.006462604 	
-0.0051534176 	
0.00015974045 	
-0.003278613 	
0.0035656989 	
-0.005760193 	
0.0021472573 	
0.0011423826 	
-0.002546072 	
0.0021501184 	
-0.00137043 	
0.0021092892 	
-0.0020944774 	
-0.00074501336 	
0.005324781 	
0.0019235611 	
0.00085535645 	
0.008770347 	
0.0013456196 	
0.00111413 	
-0.0003285408 	
-0.0023125438 	
0.001947552 	
-0.0007497072 	
0.0055733025 	
0.0048529506 	
0.0022742152 	
0.002380371 	
-0.0019636154 	
-0.0015273094 	
0.0019730926 	
-0.002673924 	
0.00073325634 	
0.0058084726 	
4.8220158E-05 	
-0.004003465 	
-0.0030329227 	
0.005086601 	
-0.0004168749 	
-0.0027727783 	
-0.004094869 	
-0.0027073622 	
0.0020998716 	
0.0029251575 	
-0.008712709 	
-0.0037945062 	
-0.0036563873 	
0.0019919276 	
-0.0019161105 	
0.0016930103 	
-0.0028984807 	
-0.004932467 	
-0.00347054 	
-0.0013648272 	
-0.005448818 	
-0.0027657151 	
-0.0020753741 	
-0.0031930804 	
-0.0015882626 	
-0.0002014041 	
0.007268131 	
0.005810976 	
0.005619645 	
0.008283079 	
-0.0011602044 	
0.0035774708 	
0.0057067275 	
-0.0035442114 	
-0.0019063354 	
0.0025351048 	
0.003307879 	
-0.00883925 	
-0.007240534 	
-0.00094884634 	
-0.0020688847 	
0.007394254 	
0.009944536 	
0.004039943 	
-0.000406228 	
-0.0031505823 	
0.0012695193 	
0.0016245246 	
0.0026340783 	
0.0021945536 	
0.00090969354 	
7.998943E-05 	
-0.0057976246 	
-0.0054664016 	
-0.001770407 	
0.003430307 	
-0.003275007 	
0.0009842664 	
2.8192997E-05 	
-0.0013014078 	
0.0028998703 	
0.00022095442 	
0.0011932552 	
0.00035637617 	
0.0017074049 	
-0.0004918352 	
-0.0067640543 	
-0.0028785616 	
-0.0011690259 	
-0.002054304 	
-0.004226804 	
0.0028263927 	
0.0052502453 	
0.0020812154 	
-0.0013851523 	
-0.003074646 	
-0.002026558 	
0.007386625 	
-0.0017660856 	
0.0024020374 	
0.00342834 	
-0.0021854043 	
0.00028002262 	
-0.0036390126 	
-7.082522E-05 	
-0.004284799 	
0.0008702278 	
0.001662612 	
-0.0024542212 	
0.003919661 	
0.010849237 	
0.00040239096 	
0.006294012 	
0.0035909414 	
0.002721846 	
0.0041519105 	
-0.0081453025 	
0.010484874 	
0.0036777854 	
0.0021279454 	
-0.004278034 	
-0.002450049 	
0.00027269498 	
-0.0002951026 	
0.005224794 	
-0.0026845336 	
0.0066135265 	
-0.00023758411 	
-0.0012323856 	
0.0013577722 	
-0.00071173906 	
-0.000823915 	
0.001593411 	
0.0011541247 	
0.0021096468 	
0.008319974 	
-0.00061291456 	
-0.001853764 	
-0.0043364614 	
0.000708729 	
-0.0024494529 	
0.0014997572 	
0.005898714 	
0.0004940182 	
-0.0022683656 	
-8.5532665E-05 	
-0.004928887 	
-0.0038872361 	
0.0032717288 	
-0.009526253 	
-0.0073191226 	
-0.003647983 	
-0.0017004907 	
0.00059747696 	
-0.0018783808 	
0.0045758486 	
0.0018012524 	
0.0030617714 	
0.0042843223 	
0.004456997 	
0.0005290508 	
-0.0049107075 	
-0.00022792816 	
0.0004594773 	
-0.00014832616 	
-0.0015461445 	
-0.00013661012 	
0.0029413104 	
0.0037905276 	
0.004036963 	
-0.005566448 	
0.003893286 	
0.0034243464 	
-0.001478374 	
0.0054550767 	
-3.916025E-05 	
-0.003502665 	
-0.0033370256 	
0.0034438372 	
0.0026077032 	
-0.0011382103 	
0.0019310713 	
-0.001339078 	
0.00070893764 	
0.0008454323 	
-0.0004886985 	
-0.010366768 	
-0.00878188 	
0.0025706887 	
-0.00011432171 	
0.0037171543 	
0.006004393 	
0.0041202605 	
-0.0055437684 	
-0.0021725595 	
4.1902065E-05 	
-0.0015622079 	
-0.0034867898 	
0.0046994686 	
-0.0010223389 	
0.008984804 	
-0.0037926435 	
0.005783856 	
0.0018482208 	
0.0028708577 	
-0.0022689998 	
0.008060873 	
-0.008196771 	
0.0043868273 	
0.0020539165 	
0.0028316975 	
-0.0026631355 	
-0.0025430918 	
0.009042382 	
0.0017208457 	
0.00057399273 	
-0.0067934394 	
0.0016071983 	
0.00016438961 	
-0.0014975071 	
-0.001922965 	
-0.0041902033 	
-0.0021529198 	
-0.0024824822 	
0.007894874 	
-0.0016491804 	
-0.0019016862 	
0.0015090443 	
-0.0017333329 	
-0.003281951 	
0.0006955862 	
0.005934477 	
-0.005980462 	
0.0006645918 	
0.0071121156 	
0.0027857125 	
-0.0042135715 	
0.0025654435 	
-0.0058608055 	
-0.0030786395 	
-0.00019431114 	
-0.00026383996 	
-0.00080633163 	
0.005535662 	
0.0023118109 	
-0.004487276 	
0.00195992 	
0.004434049 	
0.0012459159 	
0.0014300942 	
-0.0050158277 	
0.0073390603 	
-0.0010233521 	
-0.0052599423 	
0.0013867021 	
-0.0052405 	
-0.0045745745 	
-0.0018162131 	
-0.0035404563 	
0.00016522408 	
0.006911218 	
-0.001645863 	
0.0041167736 	
0.002144158 	
0.0043030977 	
0.004243374 	
-0.010400474 	
0.00017559528 	
-0.00038656592 	
0.0063397884 	
0.0025653243 	
0.0047631264 	
