NONE: 
Time:00:00:20.58071892.644551244657123E-12 	
-3.932063008527109E-13 	
2.338018667558117E-12 	
2.9515279109659787E-12 	
1.232403068485155E-12 	
-3.235411938362631E-12 	
2.6694202404087264E-12 	
5.95523630408934E-13 	
-2.612743355001612E-12 	
2.1117413373517024E-12 	
5.720979245893432E-12 	
1.676769834091374E-12 	
2.7789992529392293E-12 	
-2.2222224060897133E-12 	
1.599942400787313E-12 	
-2.718603120399621E-12 	
-7.684020086884402E-12 	
-1.8082202402069925E-12 	
6.971090371621358E-13 	
-4.707345624410664E-13 	
-1.5397683128526296E-12 	
2.3848700791972988E-12 	
1.839009847182105E-12 	
3.9569458820665204E-12 	
1.1459722060180866E-12 	
1.4964696148922485E-12 	
5.228595334472175E-12 	
3.5125791164603015E-12 	
2.5646151868841116E-12 	
-3.815392446426813E-12 	
-4.383147490794048E-14 	
-4.010902721063303E-12 	
7.749356711883593E-13 	
-1.7251334909207383E-12 	
4.665379194079833E-12 	
4.075073611886637E-13 	
1.9102497361700443E-12 	
-4.750644322371045E-12 	
-3.8095915311231465E-12 	
-3.980704654793499E-13 	
-1.3865020243031267E-12 	
1.2562728635145959E-12 	
-4.744427073433144E-12 	
1.0941247907680918E-12 	
1.4234169398719132E-12 	
3.284039706841213E-13 	
-2.0000667788622195E-12 	
-4.783673457353643E-13 	
-7.63666907488414E-12 	
1.0331735467161707E-12 	
1.0644263248593688E-12 	
3.2190916599006414E-12 	
2.354338946020107E-12 	
-2.074840299570724E-12 	
4.64539517963658E-12 	
2.4679147614392605E-12 	
4.912292794756468E-12 	
-1.4168388684510091E-12 	
2.4553692412609962E-12 	
5.488387522234461E-13 	
2.0322910021519647E-12 	
-4.549527421460198E-12 	
1.5565326805244695E-13 	
-4.622968674539152E-12 	
2.05746530923534E-12 	
-2.1169524466735368E-13 	
5.005329484220056E-12 	
-4.26815527365676E-12 	
5.067523115541428E-12 	
5.5617455085865686E-12 	
8.770761894538737E-13 	
-5.686229265222664E-12 	
-3.1917246623436313E-12 	
3.4453551123192483E-12 	
1.3379852781270074E-12 	
-5.640821143515495E-12 	
-4.9613646524448995E-12 	
-2.0646817588954036E-12 	
1.6519008383397704E-12 	
-1.0111911308285926E-12 	
-4.102149175899683E-12 	
2.9861529915464757E-12 	
-2.219113781620763E-12 	
3.5030867095997564E-12 	
2.4511365159796128E-12 	
-1.7987833444976786E-12 	
1.9806101203556636E-12 	
4.056033287014316E-12 	
1.624478329631529E-12 	
-5.439426686848492E-12 	
-3.71508379615193E-12 	
1.1075584893660562E-12 	
-7.853231953625084E-13 	
-3.913619428530524E-12 	
-2.5279778270714814E-13 	
6.898925875020723E-13 	
1.9070300893986314E-12 	
2.452482661396971E-13 	
1.2922996006636822E-12 	
1.3312684288280252E-12 	
3.0782598692269403E-12 	
1.7200130209005238E-12 	
5.9629523541104845E-12 	
9.42579347906758E-13 	
5.058176100192213E-13 	
-2.2978285940666865E-12 	
-9.942324741274433E-13 	
4.189093516515641E-12 	
2.3503976542826877E-12 	
-5.281233783627215E-12 	
5.432543304095816E-12 	
6.484979220289233E-12 	
4.315769963625371E-12 	
2.3891721934177212E-12 	
-3.1424862712015056E-12 	
1.7741363933510002E-12 	
1.3650747199278612E-12 	
-1.6713297412707107E-12 	
7.42000905162854E-12 	
-2.404826338064936E-12 	
1.105782132526656E-12 	
-1.266209359584991E-12 	
-2.3415713812369177E-12 	
2.419175970658216E-13 	
2.333022663947304E-12 	
4.510836149052011E-12 	
-3.677891324826987E-12 	
-2.3351424960349476E-12 	
-4.604538972330374E-12 	
-2.326583370404478E-12 	
3.1968871994081383E-13 	
2.882027949624444E-12 	
-3.0787733473758294E-12 	
-4.749645121648882E-12 	
9.411360579747452E-13 	
-5.225375687700762E-12 	
7.466527396360334E-13 	
-4.942712905631197E-12 	
-4.150790822166073E-12 	
-4.256373031807925E-12 	
4.0848435745033385E-12 	
-3.4476588250953455E-12 	
-3.4608427235127692E-12 	
-6.2901905906187494E-12 	
-4.054423463628609E-12 	
5.865308239094702E-13 	
2.986139113758668E-12 	
9.069411888162904E-13 	
4.75924855081189E-13 	
8.93729534823251E-13 	
9.778844400898379E-13 	
1.0006773187853923E-11 	
-2.621514116896151E-12 	
3.1136759837124828E-12 	
-3.523847880160247E-13 	
4.376332629618673E-12 	
-1.3005152510459084E-12 	
2.759570350008289E-12 	
1.1188827642172328E-12 	
8.315639843381462E-13 	
1.0276501871686605E-12 	
-2.8951285813150207E-12 	
4.266809128239402E-12 	
-5.838662886503698E-12 	
1.8104406862562428E-12 	
-2.57160959193925E-12 	
1.0426104424254845E-12 	
6.5988603470401586E-12 	
6.616485137556083E-12 	
4.67320626640344E-13 	
1.3954393196513593E-12 	
8.374911875108637E-12 	
-5.174138895114311E-12 	
1.3511414209688155E-12 	
-1.2075895838847828E-12 	
4.6416204213528545E-12 	
2.9308777627079508E-12 	
7.217559883088143E-13 	
-5.075495579376366E-12 	
-4.3146042294495146E-13 	
-1.131206239790572E-12 	
3.1860347693424274E-12 	
-1.9021451080902807E-12 	
-5.1064708017634075E-12 	
-2.406463917026258E-12 	
-6.693312570860144E-12 	
-1.0051015575385236E-11 	
-1.7172929744901921E-12 	
-6.374345495885336E-13 	
4.2166270475263445E-12 	
-1.1686207557204398E-12 	
-4.894418204060003E-13 	
-5.866640506724252E-12 	
4.203082326625918E-12 	
-4.658273766722232E-12 	
5.313527395855999E-13 	
-8.359979375427429E-14 	
-1.9706458687096529E-13 	
2.8039792709932954E-12 	
6.2551075430405945E-12 	
-2.0902168884617822E-12 	
-6.338263247585019E-13 	
-8.028799847181745E-12 	
-4.193645430916604E-12 	
-4.710565271182077E-12 	
7.124092982202512E-13 	
-7.074729690970116E-12 	
-1.2264633753034104E-12 	
-2.109756813695185E-12 	
-2.3131496718065137E-12 	
-2.6909585670864544E-12 	
-6.588479761759913E-12 	
-3.4419689320941416E-13 	
8.905931547786849E-13 	
-3.736566611678427E-12 	
1.2477796573762134E-12 	
-5.282885240376345E-12 	
2.614020111479931E-12 	
3.5978442447515135E-12 	
5.121514323747078E-12 	
-2.233324636335965E-12 	
3.810618487420925E-12 	
-1.1894929485833927E-12 	
-1.9720336474904343E-12 	
-2.1143642392473794E-12 	
2.7895463716731683E-12 	
-1.2648215808042096E-12 	
-2.777222896099829E-12 	
-5.865530283699627E-12 	
-3.923195102117916E-12 	
1.8881562979800037E-12 	
-5.80036019215413E-12 	
-9.624107066841248E-13 	
-1.9895196601282805E-12 	
-2.4642510254579975E-12 	
-2.3203466058274724E-12 	
1.7697510124037308E-12 	
-4.78705963757875E-12 	
-3.4594549447319878E-12 	
4.606204306867312E-12 	
3.4472980026123423E-12 	
-1.8599566331545248E-12 	
5.7982507684073425E-12 	
9.087175456556906E-13 	
-1.4006573678670975E-12 	
-3.022471162239526E-12 	
-3.933631198549392E-12 	
1.6939782909730638E-12 	
-4.6092019090338E-12 	
-3.111871871297467E-12 	
6.021849685566849E-13 	
-1.4619416788264061E-12 	
-8.656408923002346E-13 	
-1.1546319456101628E-14 	
6.281086761816823E-13 	
-2.5622837185323988E-12 	
-1.6329160246186802E-12 	
1.0998979504961426E-12 	
2.8844704402786192E-12 	
-3.5403902032271617E-12 	
-4.082623128454088E-12 	
-3.9823699893304365E-13 	
-4.5029535655771724E-12 	
-1.2658762926776035E-12 	
1.625227730173151E-12 	
-4.083813148758608E-12 	
2.710054403110007E-12 	
2.9671820556131934E-12 	
3.789413227650584E-12 	
-2.2533086507792177E-12 	
1.8962609260597674E-13 	
7.592815265411446E-12 	
1.3285761379933092E-12 	
2.6296742561271458E-12 	
-1.1772249841612847E-12 	
6.571077015848914E-12 	
-4.97596408521872E-12 	
1.609823385706477E-14 	
6.655787032627813E-13 	
1.4165335571192372E-12 	
-2.0779211684640586E-12 	
1.202260513366582E-12 	
3.1663560662309465E-12 	
5.0464077361311865E-12 	
1.9617640845126516E-12 	
2.1160850849355484E-13 	
2.3212542998862773E-12 	
1.0568212971406865E-12 	
-2.3449298058864088E-12 	
-2.6996183066785306E-12 	
3.710601270690006E-12 	
-1.3200551762793111E-13 	
-4.819214471929456E-12 	
-2.5350832544290824E-12 	
3.5685898680526407E-12 	
4.710093426396611E-12 	
-4.44239089958387E-12 	
1.6510681710713015E-12 	
-4.653638585594422E-13 	
-5.051403739742E-12 	
-1.7141843500212417E-13 	
-6.017408793468348E-13 	
4.228506433889834E-12 	
-3.4824365613417285E-12 	
-4.624911564832246E-12 	
2.7417235148874397E-12 	
2.4474866577861576E-12 	
-3.383959779057477E-13 	
-2.2080670625257426E-12 	
2.780664587476167E-12 	
-4.382993967766424E-12 	
2.344235916496018E-12 	
-1.3691825451189743E-12 	
1.1498718643920824E-12 	
1.8558488079634117E-12 	
-1.9591550604047825E-12 	
2.603195436989836E-12 	
-3.759048627927086E-12 	
1.0703660180411134E-12 	
-1.2455592113269631E-12 	
4.693467836602849E-13 	
-1.187383524836605E-13 	
6.153189069380005E-12 	
-4.5352610555937645E-13 	
-8.869571743730376E-13 	
-3.3171243529750427E-12 	
2.203015547763698E-12 	
-4.022782107426792E-12 	
1.960320794580639E-12 	
-3.6548541970660153E-13 	
-2.538858012712808E-12 	
-5.7086557703200924E-12 	
3.26183524634871E-13 	
-4.798828001639777E-12 	
-1.4911405443740477E-12 	
3.703815032451985E-12 	
-6.0242921762210244E-12 	
2.024491685403973E-12 	
-8.374967386259868E-13 	
2.3498980539216063E-12 	
3.737676834703052E-12 	
-1.978639474486954E-12 	
-6.583622536027178E-13 	
8.125167205719208E-13 	
-6.971589971982439E-12 	
3.0890845437170356E-12 	
1.5627499294623703E-12 	
2.7553515025147135E-12 	
-3.137878845649311E-12 	
-2.567501766748137E-12 	
-5.219470688988537E-13 	
1.2592149545298525E-12 	
3.412548021941575E-12 	
3.128830527998616E-12 	
-1.547290073844465E-12 	
-7.193468043453777E-12 	
4.545364085117853E-12 	
2.915072697118326E-12 	
4.4818593281092944E-12 	
-3.257949465762522E-12 	
-8.54449844212013E-12 	
5.2297055574968E-12 	
4.9155124415278806E-12 	
-3.821276628457326E-12 	
8.965606035360452E-13 	
1.7477685965161527E-12 	
2.1898316493462744E-12 	
-3.658018332686197E-12 	
3.622879773956811E-12 	
-6.471212454783881E-13 	
1.032396390598933E-12 	
-4.206246462246099E-12 	
-4.094840785895393E-12 	
1.0675904604795505E-12 	
2.7899904608830184E-13 	
7.51843032276156E-12 	
1.6603940444781529E-12 	
2.719491298819321E-12 	
-6.18782802774831E-13 	
5.074940467864053E-12 	
2.3223645229109025E-12 	
1.7256196471748808E-12 	
4.592992652874273E-13 	
1.440181307543753E-12 	
2.5667246106308994E-12 	
1.1649570197391768E-12 	
8.420431019118269E-12 	
-1.5967227540159001E-12 	
-2.3111512703621884E-12 	
-1.0196288258157438E-11 	
8.181788579975091E-13 	
4.682587650961523E-12 	
7.910949673117784E-12 	
-2.157385381451604E-12 	
-1.8578229232790733E-12 	
-2.878808302853031E-13 	
-1.4794832026154836E-12 	
1.5800694086465228E-12 	
-5.675626635337494E-12 	
1.1594614157672822E-12 	
-1.4299672557172016E-12 	
5.17585974080248E-13 	
-7.887579478449425E-13 	
1.2562173523633646E-12 	
2.568912096934106E-12 	
-9.383605004131823E-13 	
3.716804641840099E-12 	
5.060507568543926E-12 	
-8.429534847920195E-12 	
-1.0788592241794959E-12 	
-7.2291617136954756E-12 	
5.171862937913829E-12 	
-1.0910161662991413E-12 	
-3.0460078903615795E-12 	
-5.687672555154677E-12 	
3.93529653308633E-12 	
-2.478794947080587E-12 	
-1.3767875728376566E-12 	
-4.1460168631601846E-12 	
-3.2965574714438617E-12 	
2.2604140781368187E-13 	
-5.6736837450444E-12 	
3.949673921255226E-12 	
2.055910997000865E-12 	
-5.962341731446941E-12 	
-8.716818933329762E-12 	
1.038613639536834E-12 	
3.1936675526367253E-12 	
-1.0943468353730168E-12 	
2.1436741270974835E-12 	
-2.8188562595232725E-13 	
1.96742622193824E-12 	
-3.2908120672914265E-12 	
2.0546897516737772E-12 	
1.4316325902541394E-12 	
-9.927059174685837E-13 	
-7.879114027886658E-13 	
4.6394554864548354E-12 	
1.1237677455255835E-12 	
4.6564974098828316E-12 	
-4.818923038385492E-12 	
7.676581592619414E-12 	
-2.7122748491592574E-12 	
-3.9117598049642766E-12 	
-4.7096770927623766E-12 	
-3.339703513738357E-12 	
-1.7822410214307638E-12 	
-1.417754802446325E-12 	
3.5834113454313865E-12 	
3.114570233664349E-12 	
5.121458812595847E-13 	
-4.015624638364912E-13 	
-2.2973845048568364E-12 	
-3.724938760218954E-12 	
2.2480350914122482E-12 	
2.606158344686804E-12 	
-6.870753965770859E-12 	
6.395994844865527E-13 	
5.713984840838293E-12 	
-1.1506351427215122E-12 	
4.394817842978682E-13 	
2.545297306255634E-12 	
6.2077565310403315E-12 	
-3.1566416147654763E-12 	
4.767297667740422E-12 	
-2.0616841567289157E-13 	
4.906297590423492E-12 	
2.977840196649595E-12 	
7.191136575102064E-12 	
3.0617175461600254E-12 	
-1.2393419623890622E-12 	
5.902611732722107E-12 	
2.1753987500261474E-12 	
8.33000335376255E-13 	
1.853961428821549E-12 	
-4.037881140561694E-12 	
-2.163158541179655E-12 	
6.541434061091422E-13 	
2.327797676837662E-12 	
3.4100500201361683E-12 	
-4.89608353859694E-13 	
-1.2774503677093207E-14 	
-1.816324868286756E-13 	
1.959793438643942E-12 	
-3.953462557326759E-12 	
-2.319033853837027E-12 	
-2.500777362968165E-12 	
-7.983058658567188E-12 	
4.860445379506473E-12 	
-2.9600766282555924E-12 	
-1.6807666369800245E-12 	
2.3961943540484754E-12 	
-3.8198333385253136E-12 	
-3.382405466823002E-12 	
-1.0976775044468923E-12 	
2.4268365095281297E-12 	
-7.642775301519578E-13 	
-3.2784885917180873E-13 	
-5.207279052399372E-12 	
1.2323475573339238E-12 	
