PARTIAL: 
Time:00:00:20.4198742-1.4305115E-05 	
8.646399E-06 	
2.861023E-06 	
1.835823E-05 	
-9.596348E-06 	
-8.583069E-06 	
-1.5556812E-05 	
1.9073486E-06 	
4.23193E-06 	
-2.5257468E-06 	
-1.04904175E-05 	
1.6063452E-05 	
2.6226044E-06 	
-1.1384487E-05 	
-4.798174E-06 	
-2.5987625E-05 	
-8.910894E-06 	
-6.67572E-06 	
2.7537346E-05 	
-3.0398369E-06 	
-3.504753E-05 	
-6.4074993E-06 	
6.776303E-06 	
-3.0487776E-05 	
2.8848648E-05 	
-2.6524067E-05 	
-9.536743E-07 	
-7.5101852E-06 	
3.4198165E-05 	
-7.4505806E-06 	
-2.5706831E-06 	
3.7550926E-06 	
-2.1755695E-05 	
-2.8817216E-05 	
-8.404255E-06 	
-2.0503998E-05 	
1.1563301E-05 	
-6.020069E-06 	
3.1411648E-05 	
-1.6629696E-05 	
4.3064356E-06 	
2.9802322E-07 	
1.335144E-05 	
1.7881393E-07 	
5.00679E-06 	
-1.4603138E-05 	
2.5808811E-05 	
-1.8417835E-05 	
-9.894371E-06 	
-6.556511E-06 	
-1.6897917E-05 	
1.0997057E-05 	
-2.861023E-06 	
-1.707673E-05 	
-8.59797E-06 	
4.6491623E-06 	
1.385808E-05 	
-2.5078654E-05 	
-1.859665E-05 	
-1.8179417E-06 	
-2.6494265E-05 	
-2.0295382E-05 	
2.30968E-05 	
4.1127205E-06 	
-2.1517277E-05 	
6.0554594E-06 	
2.0444393E-05 	
1.9393861E-05 	
3.790972E-05 	
6.005168E-06 	
-4.4703484E-07 	
1.3530254E-05 	
-2.1576881E-05 	
6.9737434E-06 	
-2.8818846E-05 	
2.9802322E-07 	
2.771616E-05 	
9.119511E-06 	
-3.5345554E-05 	
-2.5004148E-05 	
1.847744E-06 	
3.703311E-05 	
-1.0639429E-05 	
4.9471855E-06 	
3.695488E-06 	
-8.285046E-06 	
-1.2367964E-05 	
-2.8312206E-06 	
-2.0802021E-05 	
-6.556511E-06 	
-1.1920929E-07 	
-1.4364719E-05 	
3.1143427E-06 	
7.56979E-06 	
2.259016E-05 	
1.7762184E-05 	
1.0669231E-05 	
3.2782555E-05 	
1.5079975E-05 	
4.5895576E-06 	
2.0563602E-06 	
-8.940697E-07 	
3.8146973E-05 	
3.3676624E-05 	
-1.3113022E-05 	
-5.9604645E-08 	
2.2307038E-05 	
8.106232E-06 	
1.9937754E-05 	
-1.206994E-06 	
1.6093254E-05 	
1.3709068E-05 	
-3.4928322E-05 	
-2.3245811E-06 	
-4.7683716E-07 	
-2.8699636E-05 	
3.874302E-06 	
-4.7683716E-07 	
3.954768E-05 	
4.336238E-06 	
1.3202429E-05 	
6.020069E-06 	
1.9073486E-06 	
2.3454428E-05 	
-1.9401312E-05 	
-2.810359E-05 	
1.6361475E-05 	
-1.5311176E-05 	
-7.4505806E-06 	
1.3291836E-05 	
3.5971403E-05 	
-1.1861324E-05 	
-1.975149E-05 	
4.7683716E-06 	
3.9339066E-06 	
-1.66893E-05 	
4.5731664E-05 	
-2.9683113E-05 	
-5.4240227E-06 	
5.3048134E-06 	
2.0980835E-05 	
3.3661723E-05 	
3.5464764E-06 	
-1.8000603E-05 	
2.2053719E-06 	
1.0728836E-05 	
2.4229288E-05 	
-2.2768974E-05 	
1.7911196E-05 	
-3.516674E-06 	
9.834766E-06 	
1.4007092E-06 	
3.0875206E-05 	
-6.109476E-07 	
2.4408102E-05 	
1.5199184E-06 	
1.13248825E-05 	
-2.8431416E-05 	
1.3947487E-05 	
-8.817762E-06 	
1.3872981E-05 	
2.1457672E-06 	
3.874302E-06 	
-3.7953258E-05 	
8.195639E-06 	
-5.00679E-06 	
8.314848E-06 	
2.0965934E-05 	
3.874302E-07 	
-2.7120113E-06 	
-1.4305115E-05 	
2.861023E-06 	
-7.56979E-06 	
4.7683716E-06 	
1.8060207E-05 	
-1.1980534E-05 	
-2.3841858E-07 	
1.859665E-05 	
1.8239021E-05 	
1.0818243E-05 	
-1.1114404E-05 	
-4.544854E-06 	
-1.3798475E-05 	
-4.4703484E-07 	
-4.9740076E-05 	
-2.7954578E-05 	
-5.2452087E-06 	
1.5079975E-05 	
2.0861626E-07 	
-1.1980534E-05 	
1.8894672E-05 	
2.1189451E-05 	
-1.8507242E-05 	
-2.2053719E-05 	
-1.7136335E-05 	
5.9604645E-06 	
-4.708767E-06 	
1.2427568E-05 	
1.7404556E-05 	
-1.5735626E-05 	
-7.1525574E-06 	
2.2560358E-05 	
-3.3676624E-06 	
1.1712313E-05 	
-1.1980534E-05 	
-1.4010817E-05 	
3.2186508E-06 	
-2.0980835E-05 	
2.2232533E-05 	
-1.2993813E-05 	
-1.4066696E-05 	
2.6986003E-05 	
-4.120171E-06 	
-7.107854E-06 	
-3.3169985E-05 	
1.9073486E-05 	
1.8239021E-05 	
-2.9802322E-07 	
-3.2395124E-05 	
2.6583672E-05 	
1.579523E-05 	
1.13248825E-05 	
-7.748604E-07 	
2.5719404E-05 	
-1.9341707E-05 	
6.1392784E-06 	
-5.0991774E-05 	
2.0846725E-05 	
1.1026859E-05 	
-2.861023E-06 	
1.8179417E-06 	
1.4364719E-05 	
-2.592802E-06 	
-1.2636185E-05 	
2.2232533E-05 	
-1.9838219E-05 	
-5.438924E-06 	
1.758337E-06 	
3.361702E-05 	
4.172325E-06 	
1.0460615E-05 	
8.165836E-06 	
5.6028366E-06 	
-8.165836E-06 	
5.4836273E-06 	
1.5735626E-05 	
2.3305416E-05 	
2.2649765E-06 	
1.7046928E-05 	
7.1823597E-06 	
-1.0788441E-05 	
1.1384487E-05 	
-6.1392784E-06 	
-5.930662E-06 	
3.2186508E-06 	
4.4107437E-06 	
1.847744E-06 	
-2.861023E-06 	
-5.364418E-07 	
-2.2649765E-05 	
-5.4836273E-05 	
5.0902367E-05 	
-7.748604E-07 	
-1.1503696E-05 	
-2.6635826E-06 	
-1.350604E-05 	
-1.04904175E-05 	
-2.1517277E-05 	
-4.053116E-06 	
-1.680851E-05 	
-1.1384487E-05 	
-1.835823E-05 	
1.04904175E-05 	
1.7881393E-07 	
-8.225441E-06 	
3.1650066E-05 	
7.1525574E-06 	
2.759695E-05 	
5.841255E-06 	
1.0371208E-05 	
4.284084E-05 	
-1.5616417E-05 	
-2.6643276E-05 	
2.7894974E-05 	
-5.4836273E-06 	
-2.9206276E-05 	
-8.404255E-06 	
-8.523464E-06 	
-2.50265E-05 	
-1.692772E-05 	
-1.527369E-05 	
2.2053719E-05 	
3.4440309E-06 	
-8.165836E-06 	
6.4373016E-06 	
-4.349649E-05 	
-8.821487E-06 	
1.4543533E-05 	
-9.88692E-06 	
-5.4240227E-06 	
1.7881393E-06 	
-2.464652E-05 	
6.914139E-06 	
2.3245811E-05 	
4.172325E-07 	
-2.5719404E-05 	
1.3411045E-05 	
2.6270747E-05 	
7.480383E-06 	
1.8656254E-05 	
2.655387E-05 	
9.655952E-06 	
3.132224E-05 	
3.1016767E-05 	
-2.3961067E-05 	
-2.3841858E-06 	
-2.3037195E-05 	
-1.1965632E-05 	
1.9192696E-05 	
8.881092E-06 	
7.748604E-07 	
2.1725893E-05 	
-1.1622906E-05 	
-1.2874603E-05 	
-5.841255E-06 	
1.8656254E-05 	
-2.8014183E-06 	
1.6480684E-05 	
-8.523464E-06 	
-3.695488E-06 	
-2.861023E-05 	
-3.257394E-05 	
-1.8373132E-05 	
-2.0623207E-05 	
1.3232231E-05 	
-5.543232E-06 	
1.1861324E-05 	
9.953976E-06 	
1.0430813E-05 	
-2.3782253E-05 	
8.940697E-07 	
-1.1622906E-05 	
-2.861023E-05 	
1.8268824E-05 	
-2.2292137E-05 	
4.3094158E-05 	
-9.894371E-06 	
-1.5497208E-06 	
-1.3768673E-05 	
1.1086464E-05 	
1.5584752E-05 	
-1.0788441E-05 	
-7.7188015E-06 	
3.46303E-05 	
1.6666949E-05 	
-2.3841858E-05 	
1.5497208E-06 	
1.1590309E-05 	
8.85129E-06 	
-5.6028366E-06 	
-6.914139E-06 	
4.1127205E-06 	
1.2695789E-05 	
1.7464161E-05 	
-1.1622906E-06 	
-5.7280064E-05 	
-2.2500753E-05 	
7.897615E-06 	
-2.1636486E-05 	
1.6450882E-05 	
-4.0233135E-05 	
4.0382147E-06 	
-6.900169E-06 	
-1.5437603E-05 	
-1.0788441E-05 	
-1.8119812E-05 	
1.0728836E-05 	
-1.0877848E-05 	
-1.0430813E-05 	
-5.90086E-06 	
9.23872E-06 	
-2.682209E-06 	
-1.1622906E-05 	
-1.4305115E-06 	
2.2947788E-05 	
7.867813E-06 	
-9.387732E-06 	
-5.364418E-06 	
1.7464161E-05 	
-1.1265278E-05 	
6.1392784E-06 	
-1.6778708E-05 	
-1.6987324E-05 	
3.2782555E-06 	
8.227304E-06 	
-2.360344E-05 	
2.4229288E-05 	
-2.2649765E-05 	
1.4156103E-05 	
-8.225441E-06 	
1.8060207E-05 	
-8.702278E-06 	
2.6077032E-05 	
1.3649464E-05 	
-1.5958212E-05 	
-5.066395E-06 	
-3.8444996E-06 	
8.34465E-06 	
5.4240227E-06 	
2.503395E-06 	
-8.970499E-06 	
-8.34465E-06 	
-1.4901161E-06 	
4.61936E-05 	
-2.4735928E-05 	
8.195639E-06 	
8.702278E-06 	
-1.04904175E-05 	
-1.1175871E-05 	
1.859665E-05 	
1.7404556E-05 	
1.1920929E-06 	
4.142523E-06 	
5.9604645E-08 	
-7.927418E-06 	
-1.43274665E-05 	
-1.1146069E-05 	
2.7418137E-06 	
9.953976E-06 	
-2.0444393E-05 	
2.6404858E-05 	
-1.0728836E-06 	
2.2113323E-05 	
1.2844801E-05 	
-8.34465E-07 	
-5.275011E-06 	
2.6095659E-05 	
-6.198883E-06 	
-2.4020672E-05 	
-1.8298626E-05 	
3.8832426E-05 	
1.1116266E-05 	
5.9604645E-07 	
-2.6836991E-05 	
-1.1742115E-05 	
-8.996576E-06 	
-2.3722649E-05 	
-2.7418137E-06 	
-8.910894E-06 	
-3.2735988E-06 	
-2.8133392E-05 	
9.601936E-06 	
3.3974648E-06 	
1.5972182E-06 	
-8.285046E-06 	
-2.1018088E-05 	
-3.2365322E-05 	
-2.3841858E-07 	
1.5556812E-05 	
-4.23193E-06 	
6.1690807E-06 	
1.9669533E-06 	
1.8626451E-05 	
-1.0818243E-05 	
1.847744E-06 	
9.775162E-06 	
-4.863739E-05 	
-6.67572E-06 	
1.21593475E-05 	
-2.104044E-05 	
8.881092E-06 	
3.2544136E-05 	
1.0073185E-05 	
1.7732382E-05 	
-2.3841858E-05 	
1.4901161E-05 	
-1.4573336E-05 	
1.7791986E-05 	
-2.6855618E-05 	
-8.821487E-06 	
-2.014637E-05 	
-2.3361295E-05 	
1.013279E-05 	
-1.4528632E-05 	
2.4810433E-06 	
-2.9802322E-06 	
2.5212765E-05 	
-1.1026859E-05 	
1.0728836E-06 	
-3.0577183E-05 	
-1.2218952E-06 	
-1.0967255E-05 	
1.6063452E-05 	
-4.1127205E-06 	
-6.9737434E-06 	
3.3974648E-06 	
-2.0682812E-05 	
3.772974E-05 	
3.4034252E-05 	
-9.23872E-06 	
