PARTIAL: 
Time:00:00:20.24610797.238654120556021E-14 	
-2.7707003358301563E-14 	
-1.1324274851176597E-14 	
-1.3322676295501878E-15 	
-1.637578961322106E-14 	
-6.716849298982197E-14 	
-5.984102102729594E-14 	
3.2085445411667024E-14 	
3.0753177782116836E-14 	
-1.1823875212257917E-14 	
2.8976820942716586E-14 	
1.1324274851176597E-14 	
6.88338275267597E-14 	
5.362377208939506E-14 	
-1.3308798507694064E-14 	
-1.84297022087776E-14 	
-7.771561172376096E-14 	
-2.3314683517128287E-15 	
-8.837375276016246E-14 	
-3.375077994860476E-14 	
1.3578027591165664E-13 	
5.495603971894525E-15 	
-2.544839339257976E-15 	
-3.6692870963861424E-14 	
-1.1657341758564144E-15 	
5.262457136723242E-14 	
-9.880984919163893E-15 	
1.0547118733938987E-14 	
-2.2093438190040615E-14 	
-8.215650382226158E-14 	
-3.547075827503576E-14 	
6.539213615042172E-14 	
-3.6415315207705135E-14 	
-9.052220778515974E-15 	
4.296563105299356E-14 	
-3.47499806707674E-14 	
2.55351295663786E-15 	
-6.983302824892235E-14 	
-1.4988010832439613E-14 	
-1.5931700403370996E-14 	
-2.8033131371785203E-14 	
4.246603069191224E-14 	
-1.5154544286133387E-14 	
-5.995204332975845E-15 	
7.66053886991358E-15 	
7.993605777301127E-14 	
-1.2323475573339238E-14 	
-5.88418203051333E-15 	
8.881784197001252E-16 	
1.199040866595169E-14 	
5.5094817597023393E-14 	
8.43769498715119E-15 	
2.042810365310288E-14 	
-2.3592239273284576E-14 	
9.908740494779522E-15 	
-5.639932965095795E-14 	
2.5424107263916085E-14 	
1.0963452368173421E-14 	
1.6209256159527285E-14 	
3.6387559632089506E-14 	
3.4555691641458E-14 	
-7.166489623955385E-14 	
-5.0237591864288333E-14 	
5.739853037312059E-14 	
3.6914915568786455E-14 	
7.622028008746895E-14 	
-2.9753977059954195E-14 	
2.185751579730777E-14 	
4.919984775489383E-14 	
1.6431300764452317E-14 	
2.7144952952085077E-14 	
8.326672684688674E-15 	
-4.218847493575595E-14 	
4.518607710224387E-14 	
9.381384558082573E-14 	
-6.600275881396556E-14 	
1.1546319456101628E-14 	
2.098321516541546E-14 	
5.184741524999481E-14 	
-3.502753642692369E-14 	
3.406996906818449E-14 	
-2.178118796436479E-14 	
-1.534883331544279E-14 	
-2.1094237467877974E-15 	
4.59840499011932E-14 	
-3.83026943495679E-14 	
-1.049160758270773E-14 	
1.3433698597964394E-14 	
3.175237850427948E-14 	
-1.6542323066914832E-14 	
-3.2307490016592055E-14 	
-7.693845560652335E-14 	
5.2416404550115203E-14 	
1.3433698597964394E-14 	
-5.5289106626332796E-14 	
-4.5852210917018965E-14 	
4.551914400963142E-15 	
-7.505107646466058E-14 	
3.3306690738754696E-16 	
-9.697798120100742E-14 	
-7.716050021144838E-15 	
-5.703770789011742E-14 	
2.631228568361621E-14 	
1.0103029524088925E-14 	
1.532107773982716E-14 	
-4.651834473179406E-14 	
1.1907141939104804E-14 	
-4.1300296516055823E-14 	
2.864375403532904E-14 	
6.121492202026957E-14 	
-2.3647750424515834E-14 	
3.555489236362064E-14 	
6.106226635438361E-14 	
5.243028233792302E-14 	
-2.1316282072803006E-14 	
4.2021941482062175E-14 	
7.105427357601002E-15 	
-3.3861802251067274E-14 	
3.0142555118573E-14 	
1.6292522886374172E-14 	
-2.348121697082206E-14 	
-7.649436639667329E-14 	
-4.551914400963142E-15 	
-9.57012247226885E-14 	
6.394884621840902E-14 	
9.2148511043888E-15 	
-4.5852210917018965E-14 	
-3.6243143902714436E-14 	
5.10702591327572E-15 	
7.127631818093505E-14 	
-7.271960811294775E-15 	
-5.1514348342607263E-14 	
-3.1905034170165436E-14 	
1.3822276656583199E-14 	
8.326672684688674E-15 	
-1.0547118733938987E-14 	
1.812439087700568E-14 	
1.7541523789077473E-14 	
-8.104628079763643E-15 	
2.9976021664879227E-14 	
-7.771561172376096E-16 	
-7.085998454670062E-14 	
-1.1513012765362873E-13 	
1.9206858326015208E-14 	
1.7985612998927536E-14 	
-3.2529534621517087E-14 	
-2.7533531010703882E-14 	
7.93809462606987E-15 	
2.1926904736346842E-14 	
-1.3655743202889425E-14 	
4.285460875053104E-14 	
5.917488721252084E-14 	
-1.3988810110276972E-14 	
4.629630012686903E-14 	
3.477773624638303E-14 	
-7.743805596760467E-14 	
4.0745185003743245E-14 	
5.551115123125783E-15 	
3.1086244689504383E-15 	
-6.63358257213531E-15 	
3.802513859341161E-14 	
-6.361577931102147E-14 	
-8.526512829121202E-14 	
-2.398081733190338E-14 	
3.552713678800501E-15 	
4.9404924595819466E-15 	
2.892130979148533E-14 	
6.147859998861804E-14 	
9.159339953157541E-15 	
1.532107773982716E-14 	
7.394085344003543E-14 	
-1.1712852909795402E-14 	
-2.842170943040401E-14 	
-3.1086244689504383E-15 	
2.8976820942716586E-14 	
6.361577931102147E-14 	
6.38378239159465E-14 	
1.3322676295501878E-14 	
-4.579669976578771E-14 	
-3.677613769070831E-14 	
3.13915560212763E-14 	
2.6700863742235015E-14 	
7.771561172376096E-16 	
-1.1754486273218845E-14 	
-2.6700863742235015E-14 	
-5.867528685143952E-14 	
-4.601874437071274E-14 	
-8.93729534823251E-15 	
-5.495603971894525E-15 	
1.3788969965844444E-13 	
-2.3314683517128287E-14 	
3.22519788653608E-14 	
1.582067810090848E-14 	
1.1546319456101628E-14 	
-3.722022690055837E-14 	
-4.629630012686903E-14 	
5.390132784555135E-14 	
-2.6201263381153694E-14 	
3.6415315207705135E-14 	
7.427392034742297E-14 	
-8.271161533457416E-14 	
3.0531133177191805E-15 	
-7.088774012231625E-14 	
-8.426592756904938E-14 	
-2.919886554764162E-14 	
8.398143291898919E-14 	
-6.59472476627343E-14 	
-4.75175454539567E-14 	
-4.440892098500626E-16 	
4.241051954068098E-14 	
1.8762769116165146E-14 	
-2.463307335887066E-14 	
8.38079605713915E-14 	
-2.824129818890242E-14 	
-4.335420911161236E-14 	
-6.927791673660977E-14 	
-8.01581023779363E-14 	
-5.662137425588298E-15 	
5.495603971894525E-14 	
-4.546363285840016E-14 	
1.1102230246251565E-14 	
2.4646951146678475E-14 	
-4.3076653355456074E-14 	
-2.964295475749168E-14 	
-2.8275992658421956E-15 	
-1.3322676295501878E-14 	
5.1236792586450974E-14 	
-4.77118344832661E-14 	
4.6629367034256575E-15 	
-2.2648549702353193E-14 	
1.2712053631958042E-14 	
1.3100631690576847E-14 	
3.357036870710317E-14 	
3.319566843629218E-14 	
3.885780586188048E-15 	
1.919016161255893E-14 	
1.5154544286133387E-14 	
-2.7755575615628914E-15 	
-4.440892098500626E-16 	
7.172040739078511E-14 	
8.43769498715119E-15 	
2.5202062658991053E-14 	
-2.5757174171303632E-14 	
1.6209256159527285E-14 	
3.042011087472929E-14 	
-2.042810365310288E-14 	
-3.6637359812630166E-15 	
4.3298697960381105E-14 	
-4.496403249731884E-14 	
-4.9460435747050724E-14 	
-2.453592884421596E-14 	
6.772360450213455E-15 	
-1.887379141862766E-15 	
1.1712852909795402E-14 	
-6.888933867799096E-14 	
-3.6637359812630166E-14 	
1.4432899320127035E-14 	
5.873079800267078E-14 	
-7.016609515630989E-14 	
5.190292640122607E-15 	
3.3639757646142243E-14 	
-1.5432100042289676E-14 	
-1.4988010832439613E-14 	
2.609024107869118E-14 	
4.371503159461554E-16 	
-9.842821002692403E-15 	
-3.885780586188048E-15 	
3.108624468950438E-14 	
-2.853273173286652E-14 	
-1.7319479184152442E-14 	
7.993605777301127E-15 	
1.8318679906315083E-14 	
-4.7406523151494184E-14 	
7.993605777301127E-15 	
2.3869795029440866E-14 	
5.573319583618286E-14 	
2.8199664825478976E-14 	
5.895284260759581E-14 	
-7.882583474838611E-15 	
2.842170943040401E-14 	
1.1796119636642288E-14 	
-3.086420008457935E-14 	
3.519406988061746E-14 	
1.0103029524088925E-14 	
6.816769371198461E-14 	
-2.4980018054066022E-14 	
-4.285460875053104E-14 	
2.930988785010413E-14 	
4.73232564246473E-14 	
6.150635556423367E-14 	
1.2685685835123195E-13 	
-1.1435297153639112E-14 	
-4.4825254619240695E-15 	
-2.2093438190040615E-14 	
-1.2212453270876722E-15 	
6.269984531570572E-14 	
-1.459943277382081E-14 	
2.0095036745715333E-14 	
2.5549007354186415E-14 	
-1.7319479184152442E-14 	
-6.439293542825908E-15 	
-2.5202062658991053E-14 	
-7.543965452327939E-14 	
3.752553823233029E-14 	
-1.0264011862659572E-13 	
1.2490009027033011E-14 	
4.884981308350689E-15 	
-3.624878175401136E-14 	
-7.549516567451064E-15 	
3.963496197911809E-14 	
-6.927791673660977E-14 	
1.2378986724570495E-14 	
5.540012892879531E-14 	
-3.6387559632089506E-14 	
-1.4377388168895777E-14 	
-1.7791323969618134E-14 	
1.915134717478395E-14 	
-5.978550987606468E-14 	
-5.639932965095795E-14 	
4.929390229335695E-14 	
7.133182933216631E-14 	
-1.8263168755083825E-14 	
-8.881784197001252E-16 	
3.3306690738754696E-16 	
-4.551914400963142E-15 	
6.838973831690964E-14 	
3.952393967665557E-14 	
3.5416114485542494E-14 	
4.851674617611934E-14 	
-1.6764367671839864E-14 	
4.207745263329343E-14 	
-1.3766765505351941E-14 	
3.941291737419306E-15 	
-8.992806499463768E-15 	
1.8096635301390052E-14 	
2.042810365310288E-14 	
-6.228351168147128E-14 	
-4.3298697960381105E-14 	
8.154588115871775E-14 	
3.1530333899354446E-14 	
8.68749516769185E-14 	
4.651834473179406E-14 	
4.6851411639181606E-14 	
-1.9373391779708982E-14 	
-4.296563105299356E-14 	
9.159339953157541E-14 	
4.0745185003743245E-14 	
1.7985612998927536E-14 	
-2.0816681711721685E-14 	
-1.5765166949677223E-14 	
1.2597561882543573E-14 	
1.199040866595169E-14 	
9.603429163007604E-14 	
-5.939693181744587E-14 	
1.824929096727601E-14 	
4.6629367034256575E-15 	
2.9531932455029164E-14 	
3.474607754294645E-14 	
-2.853273173286652E-14 	
-1.1324274851176597E-14 	
-8.326672684688674E-15 	
1.1324274851176597E-14 	
5.084821452783217E-14 	
4.007905118896815E-14 	
-3.6637359812630166E-15 	
3.519406988061746E-14 	
-1.484923295436147E-14 	
1.432187701766452E-14 	
2.3092638912203256E-14 	
1.3100631690576847E-14 	
1.1457501614131615E-13 	
-4.3798298321462426E-14 	
-2.4993895841873837E-14 	
1.4876988529977098E-14 	
-1.3100631690576847E-14 	
-1.7319479184152442E-14 	
2.7033930649622562E-14 	
-5.956346527113965E-14 	
-3.852473895449293E-14 	
3.885780586188048E-15 	
-2.2648549702353193E-14 	
4.440892098500626E-15 	
-6.994405055138486E-15 	
5.262457136723242E-14 	
1.099120794378905E-14 	
1.4099832412739488E-14 	
5.950795411990839E-14 	
6.150635556423367E-14 	
-3.4861002973229915E-14 	
-8.271161533457416E-14 	
-1.759703494030873E-14 	
5.240252676230739E-14 	
-7.494005416219807E-15 	
-4.4075854077618715E-14 	
-2.7922109069322687E-14 	
6.80566714095221E-14 	
-2.1871393585115584E-14 	
9.137135492665038E-14 	
-8.848477506262498E-14 	
7.949196856316121E-14 	
4.0523140398818214E-14 	
-2.9976021664879227E-15 	
1.4155343563970746E-14 	
-2.098321516541546E-14 	
-3.333271159089435E-14 	
-4.3853809472693683E-14 	
8.1601392309949E-15 	
7.527312106958561E-14 	
-1.3822276656583199E-14 	
9.71445146547012E-15 	
-2.6700863742235015E-14 	
6.38378239159465E-14 	
3.352873534367973E-14 	
-6.772360450213455E-14 	
-7.016609515630989E-14 	
-8.382183835919932E-14 	
-1.8984813721090177E-14 	
6.772360450213455E-15 	
6.106226635438361E-14 	
4.216071936014032E-14 	
3.4416913763379853E-15 	
-5.218048215738236E-14 	
-3.236300116782331E-14 	
1.1324274851176597E-14 	
-2.4147350785597155E-14 	
-3.3764657736412573E-14 	
5.4289905904170155E-14 	
-1.021405182655144E-14 	
4.629630012686903E-14 	
1.637578961322106E-14 	
4.0523140398818214E-14 	
5.2735593669694936E-14 	
-2.808864252301646E-14 	
-2.65898414397725E-14 	
9.947598300641403E-14 	
-5.3734794391857577E-14 	
3.3258118481427346E-14 	
2.7033930649622562E-14 	
6.439293542825908E-14 	
1.865174681370263E-14 	
-8.47655279301307E-14 	
1.0397238625614591E-13 	
2.942091015256665E-14 	
1.6819878823071122E-14 	
-8.415490526658687E-14 	
4.8253068207770866E-14 	
2.220446049250313E-16 	
-3.8746783559417963E-14 	
2.1871393585115584E-14 	
-4.9400587787129524E-14 	
7.549516567451064E-15 	
-4.380176776841438E-15 	
5.10702591327572E-14 	
-3.185299246588613E-14 	
3.774758283725532E-15 	
8.574391197058162E-14 	
4.801714581503802E-15 	
-2.0872192862952943E-14 	
5.329070518200751E-15 	
3.774758283725532E-14 	
-7.149836278586008E-14 	
-1.1213252548714081E-14 	
5.42343947529389E-14 	
5.956346527113965E-14 	
-3.3306690738754696E-14 	
4.0190073491430667E-14 	
2.2537527399890678E-14 	
-1.3655743202889425E-14 	
4.440892098500626E-15 	
4.679590048795035E-14 	
2.475797344914099E-14 	
5.206945985491984E-14 	
-1.304512053934559E-15 	
-3.164135620181696E-14 	
1.509903313490213E-14 	
2.6423307986078726E-14 	
1.0158540675320182E-14 	
3.0531133177191805E-15 	
1.3197776205231548E-14 	
8.58202398035246E-14 	
3.519406988061746E-14 	
-3.569367024169878E-14 	
1.4432899320127035E-15 	
-5.512257317263902E-14 	
-3.5638159090467525E-14 	
-1.0658141036401503E-14 	
-5.040412531798211E-14 	
-1.2212453270876722E-15 	
7.693845560652335E-14 	
3.175237850427948E-14 	
5.057065877167588E-14 	
5.850875339774575E-14 	
3.6637359812630166E-15 	
3.141931159689193E-14 	
-1.1257661469699087E-13 	
2.020605904817785E-14 	
2.4424906541753444E-14 	
2.0095036745715333E-14 	
-4.007905118896815E-14 	
3.608224830031759E-14 	
